0 1 2 3 4 5 6 7 8 9 10 11 12 13 14 15 16 17 18 19 20 21 22 23 24 25 26 27 28 29 30 31 32 33 34 35 36 37 38 39 40 41 42 43 44 45 46 47 48 49 
2450 2451 2452 2453 2454 2455 2456 2457 2458 2459 2460 2461 2462 2463 2464 2465 2466 2467 2468 2469 2470 2471 2472 2473 2474 2475 2476 2477 2478 2479 2480 2481 2482 2483 2484 2485 2486 2487 2488 2489 2490 2491 2492 2493 2494 2495 2496 2497 2498 2499 
0 984 1721 601
1 1365 1272 637 875 254
2 413 597 1278 109 611
3 1093 851 112
4 1365 2266 312 507 234
5 2344 2281 2370 329 983
6 238 897 1369 1636 1364
7 2238 1232 649 2019 277
8 1622 1769 1581 507 2360
9 1303 650 1865 2388
10 1032 1328 1287 1737 2220
11 33 2187 264 1964
12 1444 1960 2004 447 1653
13 1768 2084 2078 1632 2042
14 241 556 1065 1476 1235
15 1622 912 1897 2133 2292
16 863 1742 63 1019 457
17 818 378 1318 1329 257
18 779 854 883
19 21 2154 1017 645 881
20 265 31 1575 662 1027
21 1304 1408 1698 2308 1367
22 2297 1369 1618 1913 1594
23 576 1793 1845 344
24 327 465 1464 821 859
25 2270 1845 1470 909
26 1015 973 411 2346 132
27 1887 1302 1209 2035 242
28 721 1840 1447 2010 1085
29 2344 2059 479 893
30 1920 1453 1179
31 2057 392 1065 284 1618
32 2394 1730 1952 2090 233
33 2255 2013 722 2008 2033
34 2175 2089 1321 306 702
35 670 183 148 1855
36 1369 2063 1488
37 1239 2430 864 988 1923
38 2232 2198 2146 340
39 1933 931
40 545 849 1646 2073
41 2115 390 1349
42 170 2030 327
43 590 833 1295 2048 967
44 647 197 234 138
45 1655 2280 1011 733
46 894 1544 1549 1249 480
47 2004 2002 427 538 2199
48 1991 1628 2055 724 1403
49 773 2324 394 819 1565
50 157 2243 624 1177 1111
51 1963 1715 1773 2378
52 800 1900 1456 1512 686
53 902 868 1263 346 1765
54 1175 1810 807 2125 1842
55 2320 2358 77 2187
56 1694 1012 1915 801 1251
57 586 307 2078 1849 1730
58 1942 1720 63 1222 27
59 2197 197 243 2432 1009
60 1142 1376
61 1871 1875 1798 887 1500
62 836 873 100 1587 2238
63 1440 775 412 2312 1715
64 1723 18 581 2350
65 108 1813 1330 1898 1670
66 978 1104 197 547 2351
67 1316 1239 2193 2097
68 1999 86 1209 1266 1321
69 1962 185 1159 178 1941
70 23 2237 757 679 907
71 831 269 1169
72 468 1919 614 1593
73 1129 1573 894 1973 80
74 472 814 2431 517 444
75 1630 1090 668 1856 445
76 1227 1768 516 806
77 1581 2170 1907 278 2243
78 1385 1932 2140 1016 1492
79 1126 1816 1236
80 172 1412 48
81 1889 1541 1988 2436 2322
82 1604 1807 1751 351 1584
83 145 2448 675 1681 2024
84 391 2262 203
85 233 2045 455 1892 2351
86 1206 515 517
87 1200 1953 2245 1819 1519
88 340 1801 1278
89 29 1707 1232
90 1065 1312 1682 321
91 1711 1928 2277 151 1084
92 181 1824 2123
93 1680 2366 2082 524 2286
94 2322 1099 924
95 830 692 1454 198 723
96 992 1912 1730 1175 888
97 1618 1584 2081 1874 1942
98 2407 316 1009
99 530 1656 1597 432 2425
100 1863 1741 805
101 987 1011 1678
102 792 99 602 1108
103 59 707 1550
104 1175 435 2214 849 1928
105 457 115 1054 2253 2160
106 1175 767 400 410 490
107 527 462 649 1972 918
108 2407 2072 395 334 613
109 1332 1331 1684 1352 1298
110 587 176 2191
111 1017 2147 891
112 716 161 2442 2128 1053
113 2071 1188 1925 2366 1204
114 1945 768
115 1865 790 1309 694 1950
116 1158 1929 1710 1574
117 633 999 464
118 9 87 1026 2413 896
119 2151 1648 1639 1399 512
120 964 560 38 328 1613
121 2240 2056 2220 886 2306
122 907 2436 200 1697 2404
123 2182 1009 97 1848
124 1320 1696 823
125 347 517 1958 1113 2249
126 1109 1026 2136 551 2078
127 2151 988 2129 639 1262
128 1940 1272 616
129 2225 2297 929 846
130 127 762 140 1198 1093
131 1068 1379 805 728 873
132 2291 2109 848
133 1874 1173 615 348 1284
134 1022 1299 2157 1169 252
135 11 874 1866 743 91
136 2070 482 1002
137 1522 847 955 791 779
138 1934 2267 2303 93 2119
139 1531 373 2317 414 985
140 1106 713 2190 579 110
141 1792 1113 1808 2161 1122
142 1689 1503 1683
143 751 2389 1173 681
144 563 1570 160 442 1676
145 661 1034 1290
146 2239 2069 2039
147 1800 1205 8 964 971
148 954 1273 1275 2277 763
149 722 419 465 1289 722
150 2332 1520 1350 71 1697
151 874 1918 2237 56 1613
152 1015 1937 1857 2088
153 2221 600 2073 1732
154 1648 273 89 1605 1947
155 1320 1285 1568 1142 1750
156 42 484 594 2235 1874
157 705 1403 219
158 253 66 2171 1534 1419
159 1548 1514 1961 393
160 1461 1050 2361 421 81
161 1256 1118 161 1941 2051
162 1573 1279 1258 1612 2014
163 98 1236 1161 1669 1179
164 2096 232 1224 612 249
165 933 874 1831 1750 815
166 1365 1516 1624 1827 1361
167 113 1607 676
168 1350 36 1649 479 1932
169 844 2393 618 1723
170 792 2245 2105 2422
171 1972 1145 1859 1518 214
172 1784 2381 1834 1880
173 876 745 30 1546 1770
174 606 2311 817 1086 1488
175 1980 1315 563 1115 2099
176 1386 2064 1980 15
177 1205 2334 2187 1994
178 613 1732 2304 1277 630
179 2085 1440
180 445 622 1148 1852 605
181 1925 1645 1935
182 2168 699 1210
183 1013 296 37 44 868
184 1728 1210 970 1239 2105
185 2222 1376 2295 899 1331
186 1861 397
187 495 441 781 2292
188 2184 2358 1391
189 791 1175 1729 1625 55
190 1818 2193 373
191 1700 1408 1522 1642 1277
192 2285 1220 1643 636
193 1820 441 511 160 924
194 80 2145 1252 1675 39
195 1731 2299 1980 941
196 1825 529 317 898 1332
197 1725 1392 2260 370 1060
198 189 1487 2300 2330 192
199 2204 2446 877
200 1138 268 1060 2050 734
201 1335 1135 995 2423 2205
202 429 1024 2099 1358 754
203 184 1442 828 2028 1440
204 709 1521 1243 582 1098
205 2437 293 288 502 2362
206 1033 133 2386 490 394
207 1731 540 469 1086 1981
208 99 2267 469 1185 57
209 731 1931 1216 998 1003
210 677 2109 132 2403 1394
211 1578 2336 1292 1945 1872
212 1787 1888 786
213 1319 540
214 2202 983 2171 1847 430
215 1333 2428 1370 2180
216 2236 1618 56 1218 639
217 1605 604 1949 633 50
218 1343 340 158 1424
219 1350 1260 473
220 383 2119 778 1360
221 979 1716 1884
222 1727 2096 8 457
223 363 2043 182 2222
224 1264 1369 2137
225 808 1395 1219
226 1258 2319 1911 1847 1054
227 709 1025 2140 738 509
228 1262 1607 2276 493 74
229 621 653 1684 1767
230 1921 900 1004 765 105
231 1313 712 2434 1218 1857
232 1590 436 2346 117 1118
233 743 2110 698 423 302
234 2362 890 1890 1322 1557
235 1651 1676 1899
236 730 909 1143
237 359 1648 324 1022 1645
238 1387 696 1418 1701
239 765 899 139 1645
240 1025 1675 647 551
241 856 1481 1985
242 1357 2063 264 1341 1515
243 1207 1700 621 2152 1591
244 61 946 1048 2016 494
245 726 543 264 2373
246 2131 1323 441 387
247 722 435 1883
248 1462 1593 1554 2053 239
249 1141 257 1419
250 266 1422 335 960 1780
251 1037 1282 2128 1974 1899
252 844 2121 2267 1303 5
253 2254 1606 2092 778 2379
254 880 1288 476 2285 558
255 1833 143 1696 1551 261
256 482 44 1177 963 2375
257 950 1473 407 791
258 565 995 717 927 701
259 845 2107 2230 1877 2233
260 2323 1784 2273 2380 1332
261 1599 3 323 1232 1606
262 884 244 1766
263 797 1431 1703 2069 2291
264 702 181 476
265 1346 75 1015
266 209 2142 1169
267 1710 1121 239 1478 2378
268 697 141 2414 150
269 984 1923 2156
270 199 147 1003 345 1365
271 2034 1107 1364 2148 821
272 955 1243 1681 2200 2284
273 1229 98 1647
274 2280 167 902 1545 2039
275 491 2203 1756 1985 1366
276 2331 2214 405 394 1288
277 338 358 159 171
278 772 2148 1004 344
279 2296 445 463 1713 209
280 507 2022 361 2359 260
281 1755 1299 1169 1942 1542
282 1767 518 77 2290
283 2132 894 846 1718 120
284 1893 854 205 1393 12
285 1175 1145 1620 661 1076
286 252 1856 33 2220 95
287 1296 1537 1630 708 832
288 509 1113 306 1114 34
289 1379 2145 1079 1971 180
290 827 237 1310
291 2332 2367 127 1945 1948
292 499 2209
293 1259 1705 1071 256 263
294 1906 1034 1502 507 814
295 201 1708 2220 2040 662
296 1140 1355 2100 2137 1769
297 2146 1265 670 1330
298 1710 2222 651 1011 1716
299 611 147 451 577 1850
300 654 516 1311 1455 1850
301 2446 1291 978 2122 546
302 1884 365
303 2199 1026 1174 2032 989
304 2055 2205 2094 1559 1810
305 1626 2090 232 2345 596
306 1612 2198 247 1253 947
307 1831 124 779 1786 1054
308 751 672 675 814 2109
309 2087 1746 1877 1748 1173
310 2057 2178 609 1588 2207
311 327 1579 949 659 1688
312 952 1144 1136 534 2364
313 884 1914 503 351 2140
314 362 989 381 1480 932
315 2291 1347 1717 1406 938
316 581 806 1694
317 616 2139 2243 69 875
318 1511 2275 988
319 2399 1876 321 2161 1797
320 32 1224 1304 1189 329
321 2065 1713 2328 1436 402
322 1145 1129
323 1619 1456 2233 1454
324 1200 1072 2111 1452 417
325 325 1740 2206 1602 1287
326 2264 2438 999 413
327 2011 241 2094 1642
328 730 383 214
329 200 366 1629
330 658 1780 220 1241 493
331 404 431 1612
332 2047 423 1559 1158 1730
333 18 2094 724
334 823 645
335 1405 1885 1382 1680 1639
336 1775 1283 2366 1611 2187
337 576 961 810 1425 1108
338 257 1751 1211 1245 1475
339 1396 865 19
340 993 1882 577 535
341 1293 1204 1772 216 2410
342 25 2204 181 1390 1296
343 1160 2316 888 2168
344 6 1630 604 722 1235
345 1368 2438 1563 1934 1153
346 822 723 2054 461 1013
347 428 1163 1733 1959 638
348 513 981 383 794 2011
349 1249 2293 295 294 422
350 2420 1176 663 103 1259
351 915 2033 66 466 1830
352 204 1956 268 2060 818
353 2311 2207 1832 462 1656
354 509 1508 1947 1846 1075
355 180 170 9
356 275 1949 1347 1850
357 266 237 1194
358 1661 711 1119 320 926
359 2343 1539 1817 649 1107
360 1591 516 1374 2111 1390
361 634 147 424 1916
362 450 1176 478 1147 2255
363 2383 2040 1694 736 1759 322 1569 552 1907 1148
364 1000 1038 1239 1761 1523
365 2429 50 1076
366 2355 1353 1604
367 2251 955 343 732 1911
368 1581 25 772 2443 1624
369 1196 1998 169 2114 1305
370 1190 2029 704 1932 1783
371 1145 1320 538 282
372 2169 730 1801 1082
373 2095 953 984 1877 1861
374 1396 2440 384 197 2332
375 1400 663 1475 628 198
376 389 489
377 84 280 555 130
378 1321 2437 314 585 1679
379 2042 356 934 381 53
380 2041 2129 1676 1925 170
381 1564 2376 860 1343 167
382 2042 2129 2202 1221 1272
383 129 2082 248 331 742
384 1220 1510 293 1866
385 1105 388 1274
386 1428 292 779 731 78
387 780 996 1599 445
388 337 173 2312 1290 1877
389 110 1391 2294 192 184
390 2244 2116 1610 2124
391 2320 443 200 26 1358
392 2447 1286 1673 2039 1912
393 1281 1850 1414 2017 2048
394 880 1617 975 1399 1770
395 1993 160 643 1517 1509
396 1325 781 387 1766
397 798 907 867 1552 512
398 1155 2046 1343 264
399 1851 171 944 102
400 1525 225 1294 1151 252
401 2151 1067 1662 1008 1495
402 1976 2272 1881 2298 815
403 2395 1734 2015 1469
404 815 2028 315 278 2272
405 5 685 2321 472
406 912 283 2307 1313 296
407 1972 2379 1109
408 1452 1808 1906
409 2077 1788 2363 555
410 879 2347 2391 1162 1796
411 2035 2164 1967 229 18
412 922 1221 121 2377 1936
413 944 1290 2039 1049 1243
414 1949 1244 316 1290 2102
415 1306 1444 1704 1498 187
416 2173 308 2417 1973 346
417 1413 340 311
418 1736 420 1918 1262 1000
419 1792 1216 2317
420 1687 58 166 529 2386
421 240 2266 1613 2439 1938
422 1913 1598 285 1210
423 1451 404 808 1318
424 667 195 1740
425 555 1414 140 2173 1608
426 204 2064 928 1377 915
427 1990 2363 626 46 1162
428 814 671 57 499
429 701 678 2111 511
430 1647 412 1066 2044
431 2390 1260 1012
432 893 857 1699 1187 949
433 913 1358 565 125 1774
434 115 2077 363
435 1024 1149 944 2197 1460
436 1080 2448 2353 31 2434
437 1544 2244 39 2104
438 1653 1445
439 2005 729 351 605 339
440 1524 286
441 968 1423 2057 1996 1636
442 560 2144 474 712 748
443 611 1211 1840
444 406 1189 2126 716
445 2231 2401 1214 2087 2070
446 1279 715 1456
447 1841 1365 1685 2217 1462
448 312 2410 1217 2052 488
449 1892 492 630 461 2434
450 2412 2044 1045 1161 2378
451 463 2248 865 148 426
452 144 2429 96 274 2120
453 2071 105
454 1721 2421 451 2250 936
455 24 1326 1822 701 2190
456 774 2230 1775
457 1310 1032 2422 369 2277
458 1414 735 1737 509
459 884 532 1591 1020 2042
460 1030 1305 1710 1949
461 2309 1573 289
462 592 302 1870 361 1863
463 1370 1389 1466 129
464 1257 2445 677 708 127
465 395 1268 1797 281
466 1786 143 2295 574 1825 103 1518 985 832 2034
467 247 2050 2279 2233
468 166 2195 1683
469 2156 2000 2236
470 1548 2121 63 442 458
471 2058 1478 1590 2058
472 226 635 1155 860 520
473 943 1286 519 2036
474 316 1458 1352
475 417 1390 2004
476 1600 131 2444 1614 1401
477 457 2085 31 1886 329
478 2260 2369 586 1674 632
479 1343 899 701 482 2219
480 2193 1916
481 212 2350 1294 2251 2367
482 301 1969 2065 444 558
483 853 238 1292 390 768
484 239 2241 2083 883 1516 1328 18 1489 901
485 1205 2321 1944
486 714 1348 1851 104 463
487 796 959 1057 1065
488 557 1690 1562 219 2256
489 1434 508 1205 1197 361
490 925 335 466
491 259 149 1893 837
492 1816 1733 518 745
493 250 1644 96 612 893
494 1559 2134 1698 2137 1824
495 180 625 771 462 1471
496 1194 1771 19
497 1260 1201 1812 464 1067
498 126 1048 1701 1777 2230
499 2097 2366 1957 1883 1953
500 256 1800 1865 1381 1682
501 1017 2052 1650 73 1325
502 1310 2181 1429
503 1630 1977 2426
504 663 2030 847 908 475
505 404 1709 1442 216 252
506 2166 2175 1447 407 1435
507 950 1218 1504
508 210 1931 1880 727 1408
509 1648 1660 966 1492 2226
510 1241 17 1128 2228 1876
511 1940 1 583 422 1857
512 605 1921 331 1375 164
513 770 1987 2278 1539 1299
514 1615 987 1686 1539 1171
515 1262 2295 486 476 684
516 2335 1054 2270
517 1204 896 2048
518 2316 1577 1861 647
519 89 2048 843
520 2414 29 578
521 2200 1665 1874 452 300
522 2055 1667 1545
523 1061 239 767
524 2003 2172 1243
525 1469 55 1185 871
526 2436 1376 370 609 1759
527 1284 262 1979 1178 311
528 822 749 148 289 399
529 265 1520 2301 1472 1953
530 160 199 2432 230 1311
531 1200 1608 1798 1730 2222
532 1203 1057 215 357 1147
533 994 654 728 93
534 2141 2241 527 1950 976
535 890 888 2020 2396 1234
536 77 346 1886 1780 352
537 1567 444 451
538 1091 1541 2021 241 69
539 1873 437 339
540 586 443 1627 12 1028
541 1360 1671 1880 977 2106
542 171 2262 162
543 2021 322
544 1382 1794 58 1006
545 2126 1256 2216 2426
546 389 1365 1263 1434
547 476 205 2068 1623
548 1716 439 1182 2156 674
549 2249 1464 2052 2001 2232
550 1204 818 1848 1033
551 2306 1637 882 1052 407
552 457 1310 1388 200 373
553 692 2252 1366 105
554 1745 1343 1547
555 2057 1158 2294 1456 2047
556 1113 1028 1342 403
557 1065 532 1865 2323 19
558 622 544 659 950 875
559 947 2204 1028 1476 329
560 2017 1351 992 1169 11
561 544 379 2231 390 1421
562 766 2422 1914 17 2258
563 2076 688 1794 1528 1400
564 686 127
565 1278 1749
566 1959 2206 780 1422 2022
567 1719 399 1963 2082 278
568 836 611 1794 2187 1188
569 436 1569 862 492 1920
570 1016 418 2086 797
571 2000 1658 1859 660 589
572 1134 486 661 674 831
573 1918 272 1145 1839
574 1421 1167 1202 1894 1450
575 992 98 207 1806
576 1874 2280 299 454 1304
577 943 2082 765
578 1382 1658 1727 216 828
579 2243 2337 106
580 546 1237 2311
581 869 1065 861 1419 878
582 278 1306 98 2199 1192
583 484 2159 598
584 995 2358 1870 613 492
585 1209 2340 1080 1656 459
586 1932 25 1433 39 1089
587 417 2204 1060
588 950 1043 242 885 2123
589 87 1499 2101 1018 204 2018 944 934
590 1655 2381 1793 950 1162
591 1435 1994 791
592 1441 2098 859 1804 405
593 492 1096 343 1711
594 546 2390 1691 597
595 1711 2161 109
596 1518 1535 643 640 1897
597 1667 259 2026 265
598 1483 2312 2077
599 2301 1015 1597 2304 510
600 368 2309 1009 2448
601 1242 322 1823
602 1674 251 2429 1902
603 1292 31 1589 354 535
604 997 2045 1721 1062 778
605 307 1648 2097 1264 259
606 591 2218 1123 45 1237
607 1299 1775 1784 1492 241
608 74 470 1721 730 606
609 1479 801 1952 1040 760
610 67 424 909 642 2011
611 708 373 796 762 966
612 2368 1339 2190 1018 432
613 2199 141 1736 615 175
614 337 1895 704 1463 2132
615 1032 3 1573 1066 2125
616 1800 805 2027 1801 659
617 1501 1368 590 1590 538
618 2254 166 2070 1553
619 2163 392 1760 522 355
620 532 1503 2341 1636 1080
621 1603 1003 1002 1192 2352
622 1216 663 2226 353 1922
623 1724 781 655 83 58
624 2278 1595 1220 348
625 1665 668 148 1201 2322
626 2172 965 1566 1463 2190
627 128 552 1209 364 272
628 297 2296 497 1930 1557
629 1716 355 1799 2448
630 1312 325 259 283 1464
631 2360 2436 791 1652 2133
632 1393 1344 567 2416 860
633 1182 825 1143 2266 1641
634 1245 2120 1284
635 257 1328 73 596 584
636 2368 669
637 715 441 850 1564 2077
638 622 1861 1876 1986
639 2417 1208 1797 2414 1899
640 2209 1783 659 45 913
641 1449 1456 160 1742 1404
642 2171 579 189 815 473
643 1573 909 1964 1989 1054
644 1972 337 1228 1710 1699
645 692 1974 1176
646 1700 2359 1252 1813 1773
647 2311 2165 235 925 1846
648 1764 550 2097
649 1449 1977 1349 1875 1583
650 1293 1861 698 1479 175
651 2228 1648 1457 222 1238
652 975 1180 648 1825 230
653 2192 1614 1807
654 2420 2447 1991 545 1195
655 1080 1083 155 1000 307
656 330 1395 820 1025 2424
657 998 1454 1701 1917 1244
658 305 1327 1968 1270 2087
659 1960 1072 1698 1705 1165
660 598 787 764 864 1011
661 587 1179 1833
662 1149 2079 522
663 1883 1281 1080 1879 1898
664 1831 2270 1803 2168 2130
665 493 293 1076 1021 2142
666 2054 1315 1061 2341
667 1605 1698 553 1679 1494
668 1590 2420 2384 33
669 2110 588 1135 1699 1694
670 692 495 1038 652
671 315 322 150 2176
672 1586 342 118 2328 249
673 1141 2171 2407
674 1006 1634 2013 2247 470
675 2149 1426 1926 147 577
676 1668 1947 2446 3 262 2101 1132 1483 394 958
677 1056 1564 369 15 2352
678 2369 15 1612 279 1245
679 194 2295 971 739 2354
680 2283 382 1248 1403 1246
681 1580 655 14 797 2096
682 944 874 15 2425 1090
683 887 1676 1884 992 562
684 1406 756 2191 1610 234
685 2205 739 432 1466 318
686 71 1963 432 534 1356
687 543 1552 114 1901 364
688 1274 2072 1530
689 794 2406 1926 1192
690 2321 2387 2193 1106 187
691 1348 1188 515 847 1923
692 1104 34 964 2434 695
693 1146 1846 203 591 1954
694 1114 242 2175 1759 86
695 414 560 218 1537 127
696 1236 230
697 1545 2340 1359 1380 1684
698 1645 2254 760 1358 1885
699 514 2391 1171 617 1389
700 2446 1336 655
701 68 1206 1533 293 1434
702 95 465 1082 2240 688
703 1437 1078 270 326
704 1797 118 1921 1072 1893
705 537 1595 236 654 1803
706 43 83 324
707 843 1960 1324 1285 2331
708 1674 176
709 108 1468 1365 2348 2010
710 1663 1450 2424 1782
711 2047 745 429 1546 2295 1865 1692 1502 1411 2402
712 1961 1824 767 618 1113
713 600 1955 1409 217 833
714 5 1611 2174 1350 1556
715 1968 1923 906 816 977
716 1708 1038 820 1654 1062
717 674 1175 1340 2399 1595
718 1728 93 357 661 715
719 853 846 709
720 1268 257 403 1248 1198
721 1217 2017 2341 169 777
722 643 1643 1698 747 1700
723 759 1315 1941 1965 2019
724 2056 548 183 2158 1709
725 1538 1403 704 566
726 2427 1619 1772 1365 1175
727 682 502
728 2205 246 2153
729 1446 729 2127 1237 2389
730 1016 1421 136 1859 2379
731 2419 1716 494
732 1058 2089 1545 881 920
733 462 989 1229 1549 1189
734 952 1516 535 895 1042
735 1965 2400 465
736 902 2143 2175 2158 65
737 1608 1186 1909 1746 1648
738 467 757 2157 687 1986
739 524 2351 1131 22 2332
740 1349 871 1854 211
741 2413 2051 2308 433 1941 210 78 848 1252 1342
742 769 193
743 2419 2407 2282 823 856
744 2132 2113 2446 2028 566
745 2391 1130 2228 355 2363
746 700 634 1453 840 303
747 565 1284 556 1102 2327
748 146 314
749 739 848 177 2307
750 2005 1302 502 467 1115
751 268 774 997
752 1665 1308 563 709 1141
753 1423 889 1559 2144 296
754 2002 2170 2102 2261 2021
755 239 606 2164 560 801
756 141 2329 811 7 35
757 1119 774 1529 1828 169
758 1901 1729 1146
759 2354 1077 350 321
760 1769 1171 2317 1622 779
761 1658 394 524 1723 945
762 1073 586 759 1028 1643
763 600 964 1141
764 963 1147 66 2142
765 2232 788 827 212 1528
766 1544 583 1668 160 2186
767 1763 543
768 752 1835 633 1972 1931
769 284 303 579
770 1113 2293 2419 2254
771 133 1810 2437
772 1511 1023 937 745 1188
773 682 1603 244 2034 2203
774 2153 1487 2063 957 267
775 1436 1546 2268
776 1909 1821 2067 849 775
777 192 1138 2035
778 2125 1950 812 1996 133
779 1638 2211 1171 1213 2342
780 448 1957
781 2443 2167 111 315 2112
782 1348 2394
783 1966 1611 2063 1563 1422
784 1691 1083 171 316 1916
785 721 2267 1083 1575 389
786 2368 1838 295 88
787 150 1869 1336 1075 1728
788 1291 625 754 1581 2032
789 416 2277 2304
790 2356 2043 336 612 1703
791 998 2084 967 80 1363
792 34 873 99 767
793 771 902 2032
794 2168 1205 940 752
795 2098 875 2219 1513 3
796 1568 1973 1185 745 2152
797 692 626 2024 446 2184
798 1126 2392 2052 2132 2102
799 1390 1275 775 1724 1520
800 346 1709 148 2390 513
801 1387 2284 1299 310 1807
802 254 709 838 976 787
803 888 633 2278 846
804 364 2171 1868 674 681
805 69 1558
806 28 1425 550
807 1391 1513 1194 1080
808 1951 738 548 2043 1523
809 898 1771 1397 1284 1236
810 2355 1220 283 101 2242
811 1894 63 2260 1112 2229
812 1692 69 899 1956 9
813 784 1218 1095 1087 1723
814 2116 780 1914 523 1724
815 2264 1622 1640 2156 1231
816 420 662 1495 1444 1999
817 2075 1796 925 535 876
818 1091 512 97 1062 1249
819 2291 1537 2106 1406 2421
820 52 1986 1765
821 1329 1129 1806 2439 1111
822 672 1918 1551 369 2032
823 284 1971 1425
824 1013 1691 1724 894
825 1667 509 906 1224
826 1753 505 2141 1902 1280
827 1251 1927
828 659 392 630 542 1677
829 516 2402 2386
830 1436 1176 706 2374 765
831 983 2002 762 667 751
832 427 450 2340 1235 2042
833 1371 232
834 73 1262 765 2173
835 1562 1576 2435 93 1131
836 905 1519 753 1607 917
837 2363 112 1344 381 1393
838 1609 1653 749
839 1385 2278 344 975 1084
840 2333 1179 295
841 2383 1848 1521
842 1324 464 904 2292 2165
843 2360 537 522 1901 1950
844 270 2056 180 2169 1379
845 545 934 1799 580 1025
846 1664 2254
847 2287 1647 1814 1923 1418
848 1874 642 2208
849 2243 1367 1751 1890 1755
850 1919 2214 1893 2220 1167
851 2005 1697 1484
852 1116 50 2371 1063
853 2069 1454 1675 247 249
854 264 1651 1252 1626
855 1704 1255 859 1628 1291
856 255 260 715 299 2162
857 656 379 2397 1169 1160
858 410 297 1468 2438 707
859 1092 437 1636 2339 508
860 490 446
861 2303 1472 558 253 1096
862 358 1339 990 1257 459
863 576 2433 1901 982 307
864 2015 83 1537
865 2333 2172 2207 1037 60
866 553 1000 716
867 988 697
868 1977 1437 546 2176 460
869 2319 2145 2009 1116
870 1305 571 101 2014 1654
871 1247 1145 160
872 2338 1935 1842 2087 147
873 2211 13 491 1340 720
874 597 1235 2226
875 1475 1410 1935 37 519
876 1197 421 198 958
877 1577 2358 2277 2354 348
878 1306 64 2259 2020 2102
879 135 729 2146 732 1269
880 56 1219 786 1235 1716
881 1813 2153 2280 2376 2102
882 382 418 1443 2431 2334
883 2443 1251 10 2087 819
884 2158 2442 821 52 1218
885 861 737 1420 366 1025
886 1642 123 1309
887 180 146 1906
888 2122 1166 164 1473 1185
889 2437 1876 1417 1317 569
890 1894 985 147 1839 2294
891 144 1836 1914 1499 1890
892 199 1687 1012 1525 788
893 98 1089 115 1158 484 42 779 2245
894 703 1330 1429 1682 1568
895 2087 206 1337 2092 2030
896 970 1162 540 2005 1014
897 60 177 1486 515 1264
898 1142 900 1773 1149
899 784 96 1020 1116 2301
900 1906 983 1896 1969 2438
901 2240 821 1509 951 2351
902 1541 2351 1600
903 146 1015 2192 1800 1659
904 2284 76 13 1673 770
905 1119 735 1156 1569 1366
906 739 1682 899 384 386
907 877 1638 2291 712 1990
908 1705 2210 586 1893 798
909 1116 382 735 722 859
910 703 732 806
911 516 1410 267 303 1158
912 298 1740 1280 1607 1933
913 43 1903 2124
914 51 2024 555 1507 1520
915 1290 136 2104
916 121 1279 1067 1949 1483
917 422 253 1927 2177 2238
918 1263 1538 1817 1795
919 2325 989 356 1212 1162
920 1585 120 36 574 1176
921 2400 413 2138 390 614
922 1278 375 720
923 2179 1127 968 662 807
924 1906 1969 2144 1427 2136
925 512 550 1735 3
926 1562 2437
927 346 1305 58
928 408 2410 951 338 1064
929 975 2314 2105 434
930 1723 620 1836 693
931 1750 681 2330 929 956
932 438 1356 1039 395 385
933 1528 1900 1707 1050 1731
934 1486 282 1386 2317 2094
935 1901 1672 735
936 73 2169 1169 1576 1839
937 20 1871 2224 445 2012
938 493 76 831 1427
939 1855 1301 1755 196 1347
940 1592 2415 715 2252 1028
941 2211 1016 181 247 2402
942 2270 411 1666
943 1318 1367 1567 969 2013
944 943 2377 1904
945 355 1923 635 1702
946 662 2218 1367 1508 1337
947 2168 1413 1920 1633 2398
948 590 1435
949 923 267 2320 1725 837
950 653 98 528
951 1922 1953 156
952 806 797 2073 2300 1322
953 115 891 1751 2430 1332
954 2419 389 879 1554 1111
955 658 2024 1796 8 97
956 2429 1692 2170 1293
957 1422 259 2427 459 1980
958 2337 1888
959 1852 95 1213 1613 149
960 11 1052 21 1385 71
961 2268 1029 1955 2060 1264
962 883 376 1243 825 832
963 1568 286 241 2424 1324
964 2307 2158 2030 2343 1971
965 1977 932 55 48 1529
966 488 507 2202 1771
967 1327 1918 1112 1013 16
968 1152 1755 1022 1113
969 1175 951 2390
970 297 860 1393 512 879
971 2322 57 760 1636 767
972 1388 1274 165
973 1638 1228 2265 202 1371
974 1397 1859 2043 1373 474
975 2033 2358 1226 898 235
976 1189 1813 1341 1105 1783
977 1193 439 1323 13 1321
978 140 1789 760 434 320
979 2108 438 316 1421 598
980 2194 1757 224
981 1487 2196 1288 1651 1359
982 215 1660 2192 504 652
983 1613 201 1445 2367
984 1591 1868 1015 1364 1415
985 1363 1246 170 1954 489
986 1471 123 550 58
987 1622 1394 805 1655 11
988 699 1085 1392 976 499
989 1660 1755 1495 304 102
990 2299 725
991 1615 1155 1984 1599 78
992 1559 353 287 1856 1434
993 1431 1042 246
994 1673 806 1859 1993 1452
995 1559 1476 1911 1548 963
996 1489 1475 120 1642 1393
997 2006 834
998 1817 1239 2357 1554 369
999 1030 342 36 470
1000 1280 2096 1652 2440 1952
1001 1297 1997 2177 318 1170
1002 1366 1368 1273 267 2302
1003 1508 117 985 825 909
1004 1903 831 1214 1317
1005 1876 2163 1995 2256 261
1006 754 1032 1021 1237 866
1007 1747 1425 2372 2366 1126
1008 479 286 1096 708 1915
1009 2370 1667 1011 1175
1010 10 2367
1011 807 364 1398
1012 1637 784 790 584 2111
1013 2219 1005 879 2335 1611
1014 1806 1342 9 82
1015 554 1011 983 114 459
1016 1283 479 989 2425 542
1017 773 2399 1385 1560 1890
1018 1546 1956 450 1264 2416
1019 2435 1205 2391 1202 178
1020 2183 1038 2137 2341
1021 2282 1469 41 70 1665
1022 612 131 287 1754 1106
1023 1364 2286 1509
1024 2068 1955 1685
1025 842 1406 2051 1711 214
1026 858 698 530 637 1652
1027 395 409 1610 1824 2239
1028 145 1758 264 2410 198
1029 442 692 494 2138 1273
1030 2420 89 1860 1475
1031 2291 1312 214 739 469
1032 1830 1208 164
1033 495 1899 1657
1034 1786 1653 134 955
1035 1918 2152 198 1297 2140
1036 862 2095 723
1037 474 1246 2079 1684 1051
1038 2111 1308 748
1039 2424 221 1349 1512
1040 1072 703 2172 291 64
1041 1029 1664
1042 1897 2023 1779
1043 1723 1090 1139 2300 1279
1044 2396 35 877 324 1971
1045 1359 1554 946 1884 1733
1046 2061 863 934 942
1047 1982 642 2044 62 664
1048 1252 284 964 1340 1584
1049 1811 2146 634 359 1923
1050 1186 412 840 1257
1051 1615 1840 282 2208 91
1052 812 685 475 237 885
1053 258 2006 395 1840 993
1054 428 1968 980 1269 2263
1055 703 1201
1056 269 410 597 49
1057 316 186
1058 247 509 1334 1894
1059 1079 1843 420
1060 1838 2271 183
1061 2185 483
1062 2135 212 1969 1618
1063 128 187 1380
1064 297 608 1000
1065 324 1272 2366 2241 203
1066 1008 1470 1030 2253 1016
1067 1986 254 2390 1624 1153
1068 1777 301 36
1069 1079 931 549 2325 1451
1070 1936 2010 378
1071 589 1996 1738 2057 679
1072 776 516 390 882 863
1073 1044 1250 393 533 846
1074 1364 1642 259 967 268
1075 2152 1161 1826 1215 782
1076 116 2449 1038 471 198
1077 1941 412 1620 345 1343
1078 826 945 107 2435 19
1079 1458 1523 802 1839 144
1080 536 233 922 2409 1785
1081 301 2043 564 922 1645
1082 263 760 2281
1083 259 1939 541 2138 1677
1084 916 570
1085 1546 339 1662 215 548
1086 1417 247 1812 466 2018
1087 479 195 2118 2255 1910 29 967 844 782 689
1088 55 2128 2077 463
1089 2330 1264 1676 1568 852
1090 1264 1365 1815 478 1764
1091 2061 1594 2391 297 252
1092 1115 10 2128 2121 633
1093 2219 671 2081
1094 1276 2050 1934 1679 1268
1095 229 263 1957 1298 1021
1096 1201 234 537 1517 2427
1097 126 553 254
1098 2050 1152 45 2022 990
1099 1352 1806 758 818 2166
1100 15 2136 946
1101 1395 371
1102 2428 1075 2081 1043 1252
1103 1409 2070 2262 151
1104 139 1966 740 253 177
1105 1704 4 612 1190 1032
1106 432 546 340 112 2167
1107 617 642 2148 747 893
1108 6 269
1109 196 2029 1383 234 1278
1110 326 2348 822
1111 837 541 2035 1451 2396
1112 1171 1227 1828 1225 543
1113 1897 2217 681
1114 387 877 1366 1326 1891
1115 1788 2266 1037 8 2344
1116 571 1405 95 2089 1514
1117 2307 1459
1118 1034 773 1722 1403 203
1119 291 1812 352 2189 1062
1120 533 12 1745 1828 1875
1121 1321 1970 1157 1309
1122 1947 567 375
1123 943 703 901 220 1284
1124 2074 576 340 1049 938
1125 553 566 36 872 1648
1126 1871 262 2436 1071 430
1127 2060 937 1419 1030 1101
1128 1554 32 1636 1735 1084
1129 1561 1332 936
1130 2009 1040 2152 1014 1568
1131 79 2395 1755
1132 758 1554 1968
1133 987 882 332 1331
1134 6 1619 529 954 2146
1135 2069 1740 2167 1420
1136 1918 1080
1137 2311 1670
1138 595 287 2389 2231 1791
1139 2020 110 1811 1734
1140 1733 1882 999 2015 1826
1141 744 1845 32 2356
1142 1958 321 1097 1994 2015
1143 1390 2059 2120
1144 1431 1557 960 1040 79
1145 1385 1441 81 504 298
1146 804 124 430 238 5
1147 1909 779 1621
1148 1180 246 99 178 415
1149 448 1361 1072 1155 1112
1150 819 1109 1531 283 447
1151 1689 1376 498 20 1067
1152 1440 2362 920 656 668
1153 1420 2302 1400
1154 2024 2215 1391
1155 672 129
1156 1925 1372 2073 1921 317
1157 499 967 1800 1451 1624
1158 573 804 484
1159 382 239 676 2077
1160 2112 919 291
1161 1502 2101
1162 284 2051 2079 309 726
1163 2134 475 1355 56 2184
1164 696 154 1378
1165 1618 929 419 2188
1166 1380 103 2382 85 1835
1167 535 713 1161
1168 736 543 1066 2207
1169 524 152 439 1598 1898
1170 933 43 618 1893 140
1171 1852 716 370 963 427
1172 455 2259 2426 1631 1435
1173 2421 2210 504 123 119
1174 1353 1345 966
1175 201 2070
1176 292 1182 898 2269 709
1177 398 1978 2274 2075
1178 1881 554 1670 668 1666
1179 765 863 541 91 914
1180 335 1841 1000 866 2233
1181 1186 875 1617 177
1182 70 2134
1183 1750 1470 933 522 2016
1184 518 1588 2298 554 1061
1185 1170 484
1186 1948 503 1817 2435 2248
1187 1822 1360 1570 2307
1188 44 1388 57 2144 957
1189 1701 688 2002 748 484
1190 1664 2430 450 527 612
1191 117 2339 347 1017 498
1192 1192 1563 1041 1748 840
1193 1269 2168 1051 1236 1269
1194 248 1904 646 1845
1195 651 2209 1604 1774 1163
1196 1667 93 503
1197 2071 2261 2112 1425 94
1198 1900 1527 2233 775
1199 2289 696 541 959 696
1200 206 1560 2198 1080 412
1201 780 1745 1075 1145
1202 984 762 1141
1203 1256 1356 1542 2309 758
1204 1162 1929
1205 2339 1222 559 1885
1206 192 2119 1037 412
1207 1332 1325 985 1516 1339
1208 876 678 2029
1209 347 713 565 827 1160
1210 2302 111 1049 1318 2150
1211 222 469
1212 2195 2099 1958 782 820
1213 1990 960 729 1966 162
1214 1434 276 816 22 1437
1215 568 1785 1124 1829
1216 2359 2024 104
1217 383 967 1159 1223 1670
1218 2292 1064 149 2017 840
1219 2298 1875 2361 2377 2390
1220 2027 2094 1985 160
1221 1102 2381 2335
1222 349 1980 1367 679 704
1223 772 513 1402 694 1311
1224 684 1995 205 2082 103
1225 419 1797 1824 1064
1226 1851 1600 351 2101 1795
1227 919 437 897 568 557
1228 2420 2002
1229 1557 529 2178 2376
1230 284 2069
1231 416 2403 1592
1232 1905 1084 796 1132 393
1233 1061 1041 2365 929 177
1234 873 934 2205 2340 1512
1235 941 2300 639 1059 2128
1236 1173 2279 629 1540 714
1237 1561 393 40 76 462
1238 780 691 1856 2146 811
1239 2086 342 649 694 1192
1240 2412 1712 1111 1465
1241 433 1837
1242 1416 2098 22 2355 1974
1243 1366 211
1244 136 1570 2188 644
1245 1235 2417 398 2022 1777
1246 2404 1986 1521 229
1247 994 286 1168 197 2145
1248 57 627 1897 395 1736
1249 1905 1205 1816 525 1689
1250 462 104
1251 247 888 2312 2053 631
1252 1663 2289 908
1253 1658 2414 1919 1532
1254 479 781 2431 62 1265
1255 2408 1079 1674
1256 1650 665 1055 1040 1413
1257 274 1736 2031 1703 1611
1258 2237 2387 2063 2423
1259 2356 1590 1694
1260 389 1967 88 1657
1261 2280 1003 1285
1262 366 1731 1165 1214 42
1263 639 1810 2211 371 1424
1264 390 220 1439 877 938
1265 1345 1265 1732 2025
1266 744 1645 267 760 121
1267 266 592 324
1268 399 339 1307 1003 1703
1269 64 667 2293 1475 1666
1270 94 230 1271 229 1394
1271 2363 5 2106
1272 2186 2071 1811
1273 1919 664 819 255 845
1274 1854 2443 1826 361 1076
1275 696 1404 71 1346 1951 837 926 1941 422 1062
1276 2255 2150 2049
1277 597 723 1877 161 2148
1278 41 757
1279 2256 264 1190 422
1280 1837 1038 933 1309 42 1170 1153 1549 776 1848
1281 648 962 1688 617 2083
1282 206 993 390 130 851
1283 1480 1085 2281 1725 2071
1284 1209 1730 1369 1935 856
1285 954 281 12 970 1472
1286 1547 2158 119 1579 865
1287 1971 950 256 1442
1288 339 2110 1663 1182
1289 796 586 850 1022 2107
1290 202 519 2227 1719 1173
1291 1703 948 771 1456 889
1292 287 2331 853 34
1293 1501 948 2179
1294 1153 1626 721 866 255
1295 2046 2115 1960 689 797
1296 1546 1281 1641 1247
1297 1410 1750 1467 321
1298 1421 1684 1512 40 329
1299 2105 76 1763
1300 1641 2288 1256 57 705
1301 1560 94 457 1829 910
1302 402 1012 1801 1825 1012
1303 923 298 744 1342 566
1304 1018 1968 330 53 1123
1305 1958 1295 2084 2297
1306 1361 1477 1516 2311 1048
1307 1524 1467 1413
1308 928 183 2217 2018 1753
1309 2134 1401 1857 1230 984
1310 1777 649 1655 691 74
1311 2390 64 651 719 1875
1312 20 981 2413 2073 1903
1313 279 1507 1142
1314 439 1423
1315 1240 1278 2184 736
1316 323 273 1280 1710 620
1317 593 1957 98 2257 219
1318 736 428 1143
1319 1917 1960 2359 1260 1625
1320 2296 1177 1429 722 2290
1321 2018 1776 2061 1934 1156
1322 1341 1101 379 791 500
1323 1575 1582 1690 2046 1633
1324 1203 1953 1525 907
1325 754 934 207 405 284
1326 2124 198 1235 329 2173
1327 1497 1843 1699 1928 2161
1328 1050 357 1004
1329 1838 2220 919 2146 2441
1330 162 1464
1331 515 1329 169
1332 542 1701 2376 1437 2006
1333 1247 1100 2096 1 335
1334 336 668 1330 1034 985
1335 568 1696 634
1336 2262 823 2295 58 2210 1562 2056 313 1430 1417
1337 2359 1236 983 2136 474 1047 219 1513 641 1131
1338 837 539 968 1534 1076
1339 1594 2114 374 995 2183
1340 169 1755 2069 410 2433
1341 1993 1959 293 1270 93
1342 1892 830 2257 157
1343 1673 613 1103 289
1344 669 54 119
1345 2354 1861 677
1346 419 384 1591 355 1090
1347 1024 1893 2012 1029 327
1348 131 77 106 1667
1349 1567 1200 226 1565 1119
1350 192 1370 2019 448 947
1351 151 726 569 2104 1336
1352 936 1658 806 2248 105
1353 841 182 209 2438 1364
1354 13 1684 1836
1355 800 1916 1508 807 354
1356 2417 1465 945 302 672
1357 1993 2123 1417 470 2329
1358 873 2068 911 425 981
1359 784 2310 538 468 2085
1360 987 946 1723 1440 1576
1361 2223 176 2177 2350 607
1362 714 1099 1961 929 1722
1363 1724 1421 405 63 1525
1364 1449 15 1270 861 1876
1365 1390 887
1366 2396 1823 2382 1932 29
1367 2396 1107 1736 1896 1164
1368 1139 803 111 1025 2116
1369 1170 1792 1444 2294
1370 929 1937 2303 665
1371 920 2374 1262 729 140
1372 287 483 599 350
1373 1524 2341 2054 2198 126
1374 1299 1687 466 2042 773
1375 932 46 411 2122 7
1376 1160 697 674 2250 1749
1377 1937 1617
1378 977 319 2010 683 1077
1379 699 892 1043
1380 2055 1847 1502
1381 419 1627 1950 2178 1588
1382 416 627 2314 1504
1383 1160 2106 2046 1257 1145
1384 1718 1427 1194 1474 758
1385 1119 2362 875 1129 1854
1386 1850 1042 1069 1532 1700
1387 901 1227 367 689 1988
1388 1660 2106 2335 1643 244
1389 355 1794 2185 1738 1181
1390 1092 1265 1710 1096
1391 153 97 2106 547 914
1392 2359 2315 1560 1864 1130
1393 989 2191 622 80 1342
1394 1244 607 1056 1987 218
1395 276 204 677 1218 406
1396 513 1525 1730 2318
1397 1702 810 1395 1810 1639
1398 1100 2014 790 579 1892
1399 1455 1947 2031
1400 526 2305 1304 2164 1796
1401 275 356 130 1521 2436
1402 1104 504 797 2070 504
1403 28 134 617
1404 1117 1981 1978 2269 522
1405 1154 2412 1315 2187
1406 1076 1237 2094 1785 1579
1407 1211 674 1030
1408 2336 1575 1946
1409 257 1197
1410 1826 244
1411 2278 2144 36
1412 1645 2003 361
1413 628 94 1638 2393 2353
1414 1567 9 522 159 1376
1415 1475 1733 845 1548 689
1416 242 315 753 1634 2173
1417 638 442 1021 1585 1137
1418 1961 937 1408 519
1419 1204 1586 1321 2296 936
1420 957 123 708 992 1364
1421 1080 1571 2054 1728 1445
1422 734 2380 1191 153 979
1423 1608 324 1711 2351 1906
1424 1127 1443 1185
1425 1352 1353 817 2345 1350
1426 302 1038 1671 2448 9
1427 848 250 2239 431 227
1428 502 1444 490
1429 2317 748 770 1470 2313
1430 224 1325 109 842 2422
1431 948 1657 994 1094 1612
1432 225 2254 2344 1428 1791
1433 882 1049 301 930
1434 1527 2385 1136 1077 1173
1435 55 434 421 2433 1562
1436 1487 1966 2024 1240
1437 1935 1899 519 1255 592
1438 1560 2296 317
1439 2020 1838 614 2030 298
1440 2415 2445 1073 2391 1834
1441 192 1892 1669 488 2283
1442 1652 820 2294 1687 2205
1443 2259 370 1607 1252 1
1444 551 2384 2030 176 1329
1445 1386 141 2179
1446 482 1866 197 830 1855
1447 1471 2063 427 1529 1875
1448 537 271 600 105 485
1449 2212 755 2289 1881 1317
1450 1049 1471 1725 131
1451 492 64 117 2026 1509
1452 1364 1198 80
1453 1090 455 2099 2435 1135
1454 1512 993 1383
1455 1375 1890 2426 1316
1456 1145 104 29 2399 751
1457 1562 499 1164 591 1369
1458 1923 792 1907 1743 956
1459 1301 1177 564 763 1414
1460 534 350 1964 1845 1955
1461 1861 88 2385 291 2023
1462 1847 2421 615 1204 1973
1463 806 786 1330 1198 1824
1464 663 966 1704 97 845
1465 325 456 267 1069 1574
1466 95 256 1963
1467 18 281 1727 2118 1893
1468 1134 2267 942 1902
1469 616 4 2120 570 357
1470 901 1793 2360 1852 2242
1471 1712 1247 513 165
1472 1737 656 122 604 866 1406 1746 458 1158 19
1473 2206 2114 1317
1474 384 1038 2152 170 1427
1475 1138 671 2127 1415
1476 406 1913 795 1315
1477 483 2180 2321 1542 340
1478 1554 861 1436 687 475
1479 1664 2307 2193 1958 290
1480 2034 1064 2272 827 1888
1481 379 606 171 1513
1482 862 174 1372
1483 981 1449 2396 1337 426
1484 1197 1874 758
1485 1693 1836 214 97 1662 638 82 1004 1720
1486 1369 610 1034 89 2214
1487 1686 358 176 1141
1488 234 1877 945
1489 1110 1715 147 508 367
1490 1809 1229 1646 391 1296
1491 733 1580 997 2170 1574
1492 1032 1437 1017 558
1493 1494 1391 1246 1155 223
1494 2325 1569 635 2135 2034
1495 1961 1489 1587 2312 828
1496 981 724 2378
1497 329 1377 1420 1030 1321
1498 2437 1664 1214 197 1213
1499 1603 1886 375 2080 84
1500 460 517
1501 887 1903 228 223 1517
1502 186 2208 1425 265 1986
1503 987 896 229 885
1504 996 247 795 1283
1505 107 2411 1771 298 1632
1506 2069 473 243 838
1507 1308 68 118
1508 390 1555 76 805 199
1509 1987 1308 1501 1630 1969
1510 1331 877 799 1825 1704
1511 1712 2325 2102 40 1776
1512 1442 1563 1286 2200
1513 2351 1773 1906 1549 1715
1514 2177 1577 1556
1515 2275 1451 347 695 1187
1516 195 413 74 2232 2372
1517 194 403 1425 81 2096
1518 1887 2335 142 54 122
1519 448 2343 2040 717 1861
1520 1523 1500 931 1634 478
1521 108 487 1547 1801 2303
1522 1815 2007 56 2228 2349
1523 2042 1736 1368 1797 416
1524 2399 903 973 1966
1525 1056 1185 1086 305
1526 1517 368 739 380 608
1527 2291 847 202 324 1335
1528 1093 717 130 2114
1529 1172 1445 1591
1530 300 819 555 1685 2413
1531 1814 1425 921 1389 650
1532 2119 1447 1725 106 2411
1533 651 2021 147 1165
1534 719 338 159 2279 52
1535 414 2289 222 758 724
1536 1471 1394 2019 80 1093
1537 1256 1318 640 1514
1538 616 951 1745 2083 275
1539 1351 1985 77 278 2258
1540 416 2279
1541 75 2216 1882 2441 604 593 1915 2301 2358 923
1542 946 1563 1884 1083
1543 354 1364 1306 123 2005
1544 1014 552
1545 1704 296 936 1159 1507
1546 1912 958 1581 1171 1526
1547 812 1672 2430
1548 340 1574 1073
1549 2433 1619 1064 996 1535
1550 1470 2229 1115 822
1551 178 436 926
1552 2446 1104 2429 894 1688
1553 1181 88 1206 535 1005 1664 843 1601 984 460
1554 1098 1331 175 261 542
1555 191 882 728 1334 500
1556 1003 1087 540
1557 288 549 1635 924 1132
1558 1589 1864 1370 325 1336
1559 2364 1180
1560 1995 2258 538 1398 953
1561 194 390 1733 200 1296
1562 1360 1275 632 1511 1328
1563 193 1588 349 122 1530
1564 1563 50 1769
1565 440 71 731 687 299
1566 2387 1116 1576 2210 418
1567 1420 2210 811 2201
1568 2216 214 2074 368 323
1569 799 1903 1686 1542 2417
1570 1357 2074 1998 1336 105
1571 105 538
1572 2262 939 1528 1625 104
1573 936 2062 1677
1574 728 2294 1094 1437
1575 1592 1712 1973 1289 683
1576 302 1287 33 362 286
1577 1853 2171 652 2216 2093
1578 1574 2267 1078 373 967
1579 1380 1439 1688 111 1506
1580 1995 1453 548 1497
1581 2007 215 1130 1661
1582 1775 1566 1018 222 650
1583 1071 2202 1845
1584 1839 1626 651 2357 1486
1585 645 2371 2056
1586 1951 986 1275 1242 2260
1587 861 1725 30 1998 964
1588 622 812 1404 1146 1212
1589 1952 1135 26 448 1368
1590 617 1804 2289 1943 1500
1591 2096 67 1469 2391 1116
1592 1773 1402 521 1366 1373
1593 1452 1319 57 355 919 597 597 1491 2161
1594 1155 2023 1380 1888 1184
1595 580 1063 1829 2346 1630
1596 655 171 267 893 1327
1597 848 1217 664 1565 1312
1598 460 415 1311 171 506
1599 1175 1400 1090
1600 317 367 419 964 1593
1601 206 607 1933 1746 1609
1602 498 2176 1105 582 291
1603 1408 330 2134 416 2164
1604 811 1731 1820 181 844
1605 102 853 1060
1606 2320 1370 1155
1607 1864 669 550 631 1138
1608 625 1342 2088 2083 235
1609 1985 14 1806 1976 1235
1610 1599 1438 1869 2102 1441
1611 796 1120 1268 1258 1400
1612 43 417 790 2415 705
1613 1255 335 947 1481
1614 596 1836
1615 680 817 1356 924 250
1616 591 1457 1315 1505 1741
1617 1494 1568 521 1869 443
1618 111 164 1299 1681 1584
1619 861 779 1879 1319 1325
1620 1783 1024 128 2362 576
1621 2119 1282 933 2389
1622 504 1761 1662
1623 2433 1153 1449 1982 2140
1624 191 2320 66 2282 756
1625 149 745 54 865 1893
1626 200 1630 1288 904
1627 726 2206 322 308 1740
1628 1018 330 1617 1266 1843
1629 365 2227 2038 1304 1281
1630 800 1403 1652 305 1526
1631 973 1799 1048
1632 984 2180 1071 543 1982
1633 1267 1013 2361 2231 404
1634 904 1156
1635 1696 460 1125 940 1125
1636 2031 842 1535 1227 1139
1637 1125 358 2292 1664 486
1638 1069 223 1618 1672 1214
1639 963 1410 345 1402 1166
1640 245 1254 889 1936 652
1641 1636 2436 517 416 345
1642 1979 378 257 1205 1483
1643 1200 497 1877 1984 249
1644 1660 1744 85 1902 1492
1645 1417 2189 1753 935 226
1646 357 901 2217 2191 2129
1647 51 920 1847 939 384
1648 201 14 2409 2106 1861
1649 789 1326 2005
1650 1016 408 297 2389 1073
1651 750 1300 1649 1063 1727
1652 698 400 98 43 360
1653 770 2169 1767 2003
1654 1177 1539 464 284 170
1655 444 2336 650 1716 1733
1656 82 301 407 1710 2102
1657 637 325 2298 752 1947
1658 2248 880 898
1659 1420 936 1533 183 241
1660 2025 1269 717 2031
1661 2257 1575 474 1312 1767
1662 213 655 1104 600 1649
1663 249 1890 1327 560 1898
1664 706 329 746
1665 2168 2213 976 1308 867
1666 550 710 1927
1667 189 776 91 1510 636
1668 1431 1134 2223 420 1505
1669 485 1353 1493 559
1670 466 1893 1866 1426
1671 114 1025 1320 823 2203
1672 1856 465 879 1029 1094
1673 39 583 1012
1674 1571 655 1485 153 574
1675 1124 980 1449
1676 1120 942 262 29 2213
1677 1857 1269 615 602 1453
1678 1024 1895
1679 2375 14 632 1077 1354
1680 1629 910 348 527 2429
1681 861 1703 1538 1280 1927
1682 1189 309 2411 1058 303
1683 2270 499 1022 1302 1379
1684 2385 2211 1598
1685 2267 119 1289
1686 2387 133 1522 1482 1249
1687 2088 1092 1354 370 1975
1688 587 831 1405
1689 256 747 1323 2253
1690 1939 762 1725
1691 526 2335 287 663 1190
1692 1024 173 440 1038 462
1693 1662 972 1445 1495 1869
1694 517 1460 2253 1895 1651
1695 1344 2006 2034
1696 588 1178 1669
1697 1775 575 4 1811 126
1698 1667 2156 1949 1412 348
1699 878 32 1695 735
1700 1676 1713 214
1701 1277 136 625 880 1466
1702 743 1080 1767 1713 2160
1703 910 1231 901 670 2093
1704 2027 1005 2213 1400 814
1705 1768 1973 757 2060 1693
1706 850 864
1707 2064 1527 684 811 1108
1708 806 1527 752 1601 2228
1709 647 203 94
1710 342 2188 1730 513 2330
1711 292 944 146
1712 991 408 2022 918 1111
1713 1276 1401 105 2403 1690
1714 2085 1926 82 257
1715 903 2368 583 2424 2319
1716 1431 1622 1990 454 1791
1717 1360 106 575
1718 787 1244 310
1719 67 1827 1992 51 1891
1720 1258 2032 263 1654 2220
1721 486 1381 568 2385 1293
1722 1031 146 2074 2180 1393
1723 1030 1386 1849
1724 1278 1600 565 515 126
1725 83 1085 625 748 570
1726 1405 1861 1459 2204 2114
1727 2013 1913 1043 1153
1728 2083 278 1834 1530 617
1729 1371 32 389 1387
1730 48 2067 1916 302
1731 1766 628 2076 2235
1732 1278 188 757 534 2049
1733 1874 1981 1656 2011 2337
1734 182 1779 1195
1735 1833 1850 2434
1736 616 176 798 316 987
1737 1312 489 1203 1511 777
1738 525 1672 1176 853 300
1739 212 1509 1632 40 1577
1740 280 519 2069 1317 807
1741 17 958 2149 1617 521
1742 2122 2069 797 1539 1849
1743 1028 534 650 237 1102
1744 129 2088 2052 386 2367
1745 2023 876 454 330 2147
1746 834 360 1645
1747 440 562 1761 2221 321
1748 127 1905 857 768 1816
1749 809 2432
1750 2104 1585 2257 1253 1787
1751 110 1387 1899 2285 1867
1752 2243 818 211 2374 473
1753 903 1404 2427 292
1754 1568 2081 369 847
1755 1914 780 739 1016 238
1756 1834 1481 213
1757 1090 2430 7 1001 951
1758 1390 1686 1609 1375 1028
1759 505 2407 895 4 194
1760 980 19 2102 2205 504
1761 1574 1869 277
1762 1139 2003 637 575 932
1763 1658 609 897 2271 2248
1764 364 1450 334 1901 1703
1765 1763 2242 358 408 1785
1766 1188 333 887 705 2343 1705 852 1286 747 1228
1767 5 728 700 607 1248
1768 1826 1711 794 1568 1122
1769 2259 1091 940 851 968
1770 639 232 526 1506
1771 1675 289 574 1015 2109
1772 1765 1047 1069 2229 1155
1773 2150 940 874 208 107
1774 1845 1607 93 1263 1317 2077 1522
1775 1505 609 801 1583 356
1776 1691 1077 201 1053 653
1777 487 2239 1325 97 2063
1778 2338 450 92 1004 940
1779 706 757 688 633 1632
1780 1572 106 1426 629 1573
1781 1984 353 1515 1553 1261
1782 545 720 1418 1374
1783 1421 1100 911
1784 709 1841 2264
1785 1577 240 1011 296 2415
1786 201 1343 2155 1179 1936
1787 932 2420 797 190
1788 1408 1539 392 975
1789 1502 1365 1676 62 552
1790 995 1379 881 1463 111
1791 2372 1817 2067 1716 2300
1792 746 412 1798 1185 28
1793 397 481 1240 311 872
1794 172 1833 1006
1795 2208 852 979 1040 820
1796 1710 692 2272 174 1446
1797 110 1843 2293 857 135
1798 2146 2370
1799 2017 1313 1230 606 647
1800 1428 987 1068 1738
1801 1817 1403 2321 2446 892
1802 1814 24 2076 2071 882
1803 159 565 1657
1804 447 1029 1581 2150 1914
1805 652 1149 2014 1949 1701
1806 693 60 1525 9 158
1807 306 485 1824 2415 627
1808 2246 32 2039 219 355
1809 531 682 1569 1489
1810 169 869
1811 810 2034 1733 1088
1812 1991 1107 956 299 1818
1813 1607 1814 648 931 2182
1814 2305 1242 561 119 919
1815 491 802 1930
1816 1324 2390 1961
1817 203 790 1767 1545 523
1818 1612 483 2400 1867 1165
1819 1761 839 0 1368
1820 1543 1725 416 2133 29
1821 845 348 1177 1681
1822 1851 2244
1823 1816 2202 833 2007 231
1824 1493 2236 1621
1825 1365 431 108 2041 660
1826 441 1197 1050 1137 480
1827 2416 771
1828 1285 1107 1250 1705 2026
1829 519 1353 1339 1778 1703
1830 2041 1391 1580 1395 388
1831 428 1013 223
1832 2208 1560 1067
1833 906 679 2022 1156 640
1834 1463 1443 946 1937 398
1835 1121 80 5 1071 652
1836 631 843 2280 2135 1958
1837 1556 1153 292 192 2047
1838 2070 1323 2250 2045 1253
1839 2196 469 2407
1840 1567 1383 413 1651 1487
1841 1558 1763 440
1842 585 320 615 1901 394
1843 2260 726 1967 81 2320
1844 1195 1861 2111 1448 570
1845 1625 2106 1581 2149
1846 710 781
1847 1831 322 2315 906 2303
1848 891 73 563 131
1849 1662 1050 719 1425 1821
1850 1052 459 1397 28
1851 2226 1519 1203 2012 2386
1852 1018 1233 1025
1853 118 1399 2414 2398 2082
1854 1306 244 844 401 2318
1855 2221 1939 1841 289 1283
1856 152 28 1638 2325 829
1857 2377 1252 613 389 147
1858 2439 804 15 2394 46
1859 465 1110 570 1336 2072
1860 1644 1975 1509
1861 2316 1432 1775 1698 1802
1862 1684 2108 1096 1970
1863 339 1564 2276 107 2121
1864 696 210 958 1714 1388
1865 62 369 1390 67 733
1866 2166 1542 639 459
1867 94 2411 1786 1916 1948
1868 1505 1896 1944 453 2034
1869 872 418 2103 552
1870 6 2066 1781 359
1871 676 752 1417 1028 2224
1872 1988 1788 550 1698 2320
1873 556 2331 1828 631
1874 1633 2053 1233 2363 1327
1875 954 1769 1170
1876 1550 1216
1877 619 89 1919 1162 1466
1878 1009 839 1134 497 338
1879 2447 547 2099 2268 1201
1880 2248 1044 2215 330
1881 2200 421 1387 658 432
1882 1073 809 855 1933 1559
1883 1557 2046 185 1585 2153
1884 486 1518 327 1861 25
1885 53 2074 2411 251 1537
1886 2437 880 1533
1887 1726 1866 273 2355 2289
1888 398 1741 1259
1889 1000 237 946
1890 1469 718 1348 565 913
1891 1144 304 663 1205 2318
1892 1110 737 879 1783 1033
1893 1542 61 1857
1894 240 1157 2281 501 2359
1895 1833 592 268 1865 2366
1896 2114 2396
1897 410 1316 1811 800 2248
1898 2216 482 1677 2281 2193
1899 493 2085 1505 2004 1502
1900 1466 2191 280 2431 2278
1901 1895 283 1333 269
1902 1219 916 1318
1903 1511 1968 44 1993 1101
1904 761 1122 1300 1575 1985
1905 2015 1514 1695 2196 870
1906 1770 2238 174 1930
1907 59 664 1210 1106
1908 1366 1606 635 2262 1821
1909 1764 1856 335
1910 38 2434 2274 1539 1140 722
1911 471 1921 1213 39 977
1912 450 1887 613
1913 168 1612 1377 960 776
1914 1955 1626 338 1276
1915 1525 878 2118 514 1393
1916 1428 2434 1959 2250 1907
1917 1986 1996 811 1779 424
1918 1383 719 478 584 1154
1919 1927 2366 1302 1486 1560
1920 650 1671 691 410 2417
1921 1428 1232 1790 1116
1922 1228 1181 735 607
1923 540 1285
1924 1253 789 1642 2391
1925 819 2377 2094 1074
1926 632 2376 2132
1927 1699 1796 1747 1171 4
1928 1435 2078 2364 2277 724
1929 948 1653 1579 1642 1153
1930 684 305 2002 1532
1931 855 1270 1654 2440 328
1932 740 1582 790
1933 1981 1250 1607 2250
1934 2380 517 1011 934 557
1935 1102 1819 2446 2053 2363
1936 1203 1507 1437 643 1949
1937 1579 85 276 2236 1862
1938 2419 646 2063 1133 375
1939 2020 751 2317 910 1846
1940 2367 2008 1294 1107 1746
1941 739 380 1894
1942 951 2009 2200 766 2261
1943 2021 1095 1516
1944 1124 1741 823 624 1542
1945 1899 1501 1459 2336 850
1946 2097 1355 757 614 925
1947 795 1943 1654 856 1087
1948 209 1640 1727 2351 36
1949 363 2431 1322
1950 1226 1355 279
1951 795 2307 1164
1952 1954 1565 36 71 2126
1953 1556 663 1902 130
1954 831 1117 1861 1551
1955 2075 711 1767 2004 1127
1956 760 1188 204 1778 780
1957 65 2040 1781 2174
1958 94 396 1757 1441
1959 1377 509 567 904 1961
1960 2309 1722 1633
1961 1724 1546 946 350 1710
1962 1130 1402 1240 849 1737
1963 884 1146 744 113
1964 344 926 2022 439 2221
1965 1872 1703 808 794 948
1966 539 437 1353 634 1183
1967 1188 1468 194
1968 1404 644 1137 1783 893
1969 508 582 1316 1058 524
1970 536 74 2351 1741 1707
1971 347 2247 1249 527 2219
1972 154 2441 613 1217 2265
1973 1410 910 1381 1335 2088
1974 918 1317 134
1975 1402 2331 681 1068
1976 1486 2056 2428 2371 103
1977 881 828 497
1978 2152 705 2039 1566 436
1979 1691 2061 675
1980 440 1961 222 112
1981 2089 2308 304 1121 1819
1982 1904 956
1983 1490 1568 2413
1984 1241 797 1754 1104 1858
1985 865 1453 522 927 2150
1986 1551 1576 215 2251
1987 2116 2023 675 1836 1746
1988 1248 1333 989 974
1989 1310 99 89 2001 201
1990 210 125 885 1557 159 1946 988 1712
1991 1911 124 1068 923 493
1992 487 122 888 1667
1993 715 1011 1357 227
1994 854 496 1259 2046 372
1995 842 288 2199 2126 1650
1996 98 2176 1586 1132 192
1997 2109 2442 2107 854 254
1998 1266 1914 1014 827
1999 1256 226 360 596
2000 903 1978 1494
2001 1080 872 2368 653 341
2002 2218 1584 1100
2003 754 1131 263
2004 265 1521 436 675 633
2005 351 620 2185 1928 1282
2006 905 1555 897 192 1403
2007 1206 2296 1503 1573 1708
2008 1042 2441 331 1156 675
2009 1510 120 984 1795 2109
2010 1664 1461 2131 2227 1115
2011 1969 1458 1729 1204 251
2012 434 2337 2063 1481 178
2013 210 1636 1088 1488 1212
2014 206 1099 562 2241 82
2015 2142 102 563 1330 1762
2016 2262 1843 2339 2350
2017 1453 1968 1038 658 2280
2018 622 526 1067
2019 2042 1250
2020 2237 927 1842 879
2021 437 1263 38 240 432
2022 2257 1619 610 63 404
2023 2242 683 1330 503 217
2024 2101 1524 1062 373
2025 1524 1598 600 2391 2122
2026 1780 778 1173 1553 1513
2027 1515 626 1519 1736 31
2028 1158 783 1375 753 6
2029 1678 71 1995 2271 1263
2030 1251 1441 814 341 1838
2031 1865 763 411 1336 2064
2032 509 1939 2218 245 1963
2033 637 2209 2151 1339 2057
2034 505 365 2418
2035 144 199 1253
2036 669 2392 1362 590
2037 406 887 2071
2038 1298 304 610 906 1395
2039 830 1201 2270 854 2446
2040 1756 1049 1222 819 682
2041 1701 2324 936 2128 1755
2042 1101 963 700 383
2043 380 355 1485 1273
2044 323 426 1617 855 60
2045 670 386 2073 618 2077
2046 1747 145 547
2047 2343 238 1302 1310 894
2048 1669 2035
2049 412 2153 741
2050 2387 1009 1543
2051 2004 1992 1389 175 461
2052 1616 102 1981 1029 1838
2053 1877 2225 149 885 1773
2054 2363 505 2114 2343 2054
2055 1981 1136 1361
2056 2043 2103 2278 1459
2057 68 1836 5 418 330
2058 572 222 2396 1002 624
2059 805 629 2192 826 869
2060 1417 449 1266 1112 1214
2061 1309 1542 1757 1115 1224
2062 320 1477 1393 136 2169
2063 2161 2333 430 1817 1973
2064 1888 569 783
2065 166 1497 2296 1542 1112
2066 2267 491 555 222 1141
2067 2083 189 1199 1851 52
2068 953 192 2440 2188 107
2069 776 1281 611 1910 2086 1634 1246 474
2070 888 877 1894 2037 1201
2071 1827 152 711 132
2072 355 1260 2119 786 2001
2073 1973 1580 78 776 315
2074 253 1064 620 711 565
2075 313 1441 1447 1766 372
2076 2194 1047 2019 1465
2077 1023 2252 313 1339 1797
2078 1288 382 1674 2378 1471
2079 133 556 1783 2099
2080 495 651 913 1152 732
2081 1790 1169 735 2385 1161
2082 826 2033 237 1111 2102
2083 2045 2384 819 514
2084 197 826 1376
2085 753 1645 691 1616
2086 2242 1077 1155 1655
2087 1282 1332 1503 1732 207
2088 2105 729 2258 709 1638
2089 1339 1119 1806
2090 1866 1077 2135 2326 652
2091 2261 137 1344 2247 1651
2092 1788 1118 2246 1147 1166
2093 1567 54 1311 1386 1597
2094 589 1161 1947 1347 972
2095 1324 574 1862 2315 185
2096 1816 61 1098 1760 197
2097 687 295 1823 5 2034
2098 1980 2385 1657 543 2160
2099 293 1858 1220
2100 289 1231 2061 1763
2101 338 2148 1716 1263 40
2102 628 1105 955 532
2103 789 18 1318 558 1843
2104 62 1318 1862 2158 1745
2105 1917 781 1402 1277 1643
2106 189 1831 2232 695 1489
2107 1505 1924 639 147 665
2108 693 2080 361 2026 374
2109 1487 637 2275 1217 1172
2110 2083 1490 2131 1993 226
2111 262 1164 1773 1060 1641
2112 2238 2075 1539 1544 2290
2113 2440 1069 200 754 2423
2114 2394 1176 2166
2115 136 1340 1335 2380
2116 250 140 2114 1364
2117 1674 170 1170 857 2279
2118 921 1877 190 1684
2119 1358 1778 584 102 1587
2120 1302 2349 2317 26
2121 380 1185 894 1519 736
2122 1663 1031 388 2380 793
2123 2224 60
2124 2160 495 548 666
2125 401 2123 1236 184 2373
2126 1781 1469 491 2239 274
2127 1775 1187 1713 1452 76
2128 1947 1712 358 2099
2129 1548 632 887 2231 2254
2130 200 1254 2046 977 2184
2131 2382 2087 343 1926 1576
2132 2315 287 1664
2133 1494 1100 1729 694
2134 1162 2202 980 1630 737
2135 1615 2145
2136 502 928 1905 318 1271
2137 1083 863 85 1076 214
2138 1985 1306 608 1319 869
2139 764 40 1226 1327
2140 2054 1548 1717 1809 1052
2141 958 257 807 1995 1479
2142 1366 148 2023 265
2143 34 692 529 112 2403
2144 1794 2218 2235 2320 919
2145 2437 2195 768 1779 1368
2146 433 459 1210 1653 1324
2147 248 2201 2042
2148 1843 1950 2075 1136 1139
2149 1685 29 1987 187 265
2150 1247 1484 2400 314 61
2151 385 1992 32 282 1615
2152 1504 1022 2232 834
2153 2259 1541 1959 1428 624
2154 1100 1081 1467 179 1037
2155 954 1540 1071 1863 2025
2156 2324 1487 1727
2157 77 417 1307 1982 905
2158 2266 1313 180 1844
2159 1330 2078 2250 1377 1529
2160 549 1485 40 591
2161 2067 2116 115 1360 349
2162 124 575 1577 1669
2163 735 127 1967 724 2138
2164 1403 1145 2209 356 1706 528 1915 2135 319 581
2165 1632 1488 1006 1256
2166 1568 287 2126 976 1004
2167 132 1783 271 1882
2168 823 2289 383 1653 1274
2169 1240 1162 2416 2121
2170 2182 1854 2415 1810 298
2171 1952 2173 2101 1940 104
2172 1650 1277 1372 168
2173 2345 1536 287 567 213
2174 919 1785 1034 2444 1601
2175 2227 1209 415 1243
2176 1996 2206 1615 1461 1738
2177 1373 282 1162 798
2178 119 2062 16 2089 21
2179 1769 388 1727 483 1790
2180 2337 93 2279 786 191
2181 2423 1386 1179 2085 1732
2182 387 10 284 1156 499
2183 57 564 1715 907 1321
2184 1959 2324 2063 638 2373
2185 2108 787 1916 1871 1052
2186 706 927 2312 1528 1603
2187 514 2038 303 2044
2188 82 1421 2296 1189 1394
2189 1406 422 222 996 1130
2190 2300 148 1411 786 187
2191 72 1113 536 2038
2192 2011 1991 310 1957 1346
2193 105 1408 1294 886 2262
2194 2393 1659 1250 707 802
2195 2395 1065 775 1111 332
2196 1151 640 2189 181
2197 57 2340 319 1844 471
2198 967 431 2379 1193 1659
2199 2186 886 1849 2064 627
2200 144 134 1697 1007 1665
2201 1436 1057 2196
2202 425 353 1199 132 2277
2203 1442 1161 1155 1805
2204 2426 1723 1881 537 1251
2205 288 947 344 2079 2042
2206 587 2047 1278 1261 1517
2207 1097 1876 956 1304 103
2208 1463 1158 2109
2209 1991 1 478 531
2210 2146 1962 889 1109 138
2211 1669 764 1695 2231 253
2212 1777 210 453 2284 1334
2213 181 668 2430
2214 2107 634 1615 1493 660
2215 667 469 1507
2216 1576 1555 961 7 1774
2217 2025 187 1621 2220 357
2218 680 993 771 344 2427
2219 1713 166 90 776 465
2220 1653 2228 1973 199
2221 1383 361 1964
2222 251 1296 2103 1206 985
2223 485 336 812 1283 2434
2224 1482 309 2195 1672 971
2225 251 1956 23 2243 76
2226 1415 437 1056 904 946
2227 1673 971 2339 345 2110
2228 612 2095 142 97 1039
2229 823 2135 976
2230 613 868 0 871
2231 1269 2408 810 975
2232 349 1638 123 2338
2233 1996 967 582 1414 2440
2234 938 2005 1363 942 768
2235 1316 692 1596
2236 169 739 1743 2135 1913
2237 22 2385
2238 1120 640
2239 1020 554 1247 1368 851
2240 267 2240 1938 1908 2148
2241 447 966 334 1295 2126
2242 2423 1553 2045
2243 1741 838 2062 555 1737
2244 1429 802 35 9
2245 1283 2170 998 498 150
2246 1803 1629 728 2121 978
2247 1641 32 1614 74 1883
2248 149 1860 1894 143 1497
2249 432 1480 381 130 1849
2250 189 90 2296 1908
2251 440 1392 1352 40 689
2252 1981 1419 28 692
2253 387 2383
2254 852 1622 1960 1168 2016
2255 816 1095 1622 1572 2059
2256 904 99 2330 959 1380
2257 1758 657 2284 2184 460
2258 164 1303 1649
2259 1663 1097 48 685 1845
2260 225 633 579
2261 632 1723 768
2262 1562 1428 368
2263 1245 2335 402 895 700 2470 1964 1939
2264 1914 105 1922 661 2444
2265 1990 2162
2266 978 2049 2147
2267 812 487 47
2268 511 726 1102 1610
2269 767 651 1710
2270 801 1303 2149 1024
2271 1933 287 224 1693 523
2272 249 355 177
2273 429 881
2274 141 378 1815 1961 292
2275 81 1966 1094 2195 1960
2276 1850 1462 171 0 856
2277 1758 848 1189 1551 1209
2278 2135 803 2193 2118
2279 2246 1284 1532 1415 1865
2280 1198 2410 1092 1506
2281 247 1318 1880 400
2282 1654 251 773
2283 2383 2009 517 2212 729
2284 981 1789 154
2285 1708 588 131 1125 376
2286 501 1426
2287 118 2033 1511
2288 1768 1514 2172 1201 1066
2289 2188 1597 1436 2368
2290 1357 991 410 1075 1916
2291 2448 1956 770 1756 1808
2292 1887 633 1615 1008
2293 387 119
2294 2216 580 689 149 30
2295 2311 714 612 1461 190
2296 270 2151 681 1377 2364
2297 540 933 532 2359 500
2298 525 1759 138 1463 1234
2299 2059 701 944 1973 1905
2300 2267 102 2152 787 999
2301 1658 1321 2090 535 85
2302 1648 952 1260 843 1176
2303 1628 1648 1746 1904 540
2304 2043 1022 210
2305 689 2097 493 1524 565
2306 1763 212 722 693
2307 868 1774 477
2308 293 121 1398 236 213
2309 2197 469 359 368 1527
2310 1539 258 446 1577 587
2311 1688 2256 386
2312 618 2339 1682 1730 2412
2313 1134 1113 1991 796 1143
2314 477 1047 48 2376 460
2315 1508 1573 1967 273
2316 2130 2009
2317 753 2348 1863 765
2318 2419 2188 338 2191 1415
2319 1994 2141 635 1516 2018
2320 1853 1015 1283 931 2328
2321 222 2397 2315 1919 902
2322 657 1547 514 755
2323 496 2263 766 1471 2370
2324 1556 1679 2410
2325 1140 1897 2045 2395 857
2326 2092 1897 923 12 510
2327 2130 2094 2043 697
2328 1013 2412
2329 1375 875 1675
2330 799 2033 36 1930 2409
2331 2422 2166
2332 805 363 1033 1560 1255
2333 2047 1084 892 79 1036
2334 1465 2298 424 761 2176
2335 577 234 891 1452 644
2336 169 175 2126 1651 1805 170 1660 1466 355 589
2337 1725 1234 1779
2338 642 2412 1424 1208 2115
2339 1250 2216 1537 1728 2127
2340 2272 1023 1369 31 365
2341 410 2262 454 934 1666
2342 20 1362 181 2245 1287
2343 2373 1975 852 570 222
2344 1813 1853 1785
2345 815 2264
2346 2201 1556 1557 184
2347 1976 73 174 2115 2319
2348 801 2142 456 2084
2349 2208 2373 885 752 307
2350 1664 139 1598 2427 2052
2351 886 440 1920 1466 617
2352 1945 2066 1943
2353 783 1540 387 2443 1783
2354 326 339 337 1120 808
2355 2297 1119 856 2056 344
2356 1766 20 85 1838 599
2357 2126 376 859 1810
2358 1083 1950 930 64 958
2359 2093 106 250 1521
2360 1955 1383 1198 603 1048
2361 1202 761 2221 1478
2362 1561 746 1323 1154 1064
2363 1451 260 1888 197
2364 2087 1232 1300 281 2062
2365 524 1068 286 1872 862
2366 558 1329 1247
2367 1558 512 1609 811 1657
2368 887 1354 1929 95 2017
2369 1622 2116
2370 1628 1085 1649 1763
2371 103 29 188
2372 1103 151 2190 720 1931
2373 623 1959 386 647 645
2374 1647 803 129 228
2375 1957 696 609 736
2376 1770 1236 2231 1534 524
2377 940 1664 2184 861 1717
2378 1052 1531 298 2358 333
2379 1975 2173 779
2380 2357 1795 910 573 1020
2381 1722 741 881 847 2107
2382 1033 135 2359 112
2383 278 610 1629 976 1292
2384 1937 2241 2063 1416 1073
2385 1428 1613 491 1839 962
2386 554 2237
2387 1573 550 467 2338 2053
2388 1241 298 2330 791 1192
2389 25 757 880 1720 592
2390 1414 144 1499 1763
2391 999 1095 1853 1510
2392 1788 1075 2010 2313 395
2393 1417 713 1758 742 113
2394 2296 76 1946 928 1520
2395 308 2294 65 214 1310
2396 1464 913 1975 1234 461
2397 94 699 1864 1973 97 1000 1369 676 119 1386
2398 2000 2038 1474 1542 2215
2399 2118 888 1246
2400 576 203 1083 1954 31
2401 1026 1064 1644 72 734
2402 1346 1095 1189
2403 1265 294 1862 1326 423
2404 824 1388 640 1779 2310 2323 1694 929 1936
2405 197 1053
2406 436 2081 166 1377 2040
2407 1141 1089 2428
2408 2220 1391 2205
2409 605 1816 1377 631 1370
2410 2419 1171 1414 1291
2411 1313 1589 119 1232 1571
2412 1083 2405 2186 2255
2413 1807 1142 1150 812
2414 1127 1657 70 1527
2415 2419 285 2388 449 2249
2416 1068 290
2417 604 2140 543 1565 1807
2418 378 2074 5 518 297
2419 649 1658
2420 1899 2041
2421 650 1411 971 2449 1311
2422 130 2001 1742
2423 623 2146 2231 2245 502
2424 1152 1588 846 919 1423
2425 2098 202 2034 763 674
2426 712 2402 1833
2427 1329 1081 1530
2428 1411 2236 255 1209 1536
2429 2210 89 1125 1394
2430 2445 200 425 667
2431 1993 1591 708 51 595 1591 678 875 6 1360
2432 1377 196 601 1721
2433 131 1203
2434 2035 759 2240 1112 2078
2435 2215 1575 75 884
2436 51 696 2017 949 1779
2437 2051 1971 2021 71 102
2438 151 2395 1786
2439 937 32 1714 1506 651
2440 1304 1055 2038
2441 2159 280 2375 2417
2442 648 720 1424 1183 1957
2443 1867 2392 868
2444 959 1659 1475 2054 381
2445 1167 1302
2446 789 2153 1082 112 990
2447 414 1868 434 1452
2448 481 2102 723 1956 1704
2449 793 25 2282 1092 2287
2450 2253 118 1750 538
2451 2326 829 1932 2431
2452 1758 2199 1181 1232 888
2453 703 1569 417 2255 81
2454 503 314 1850 528 351
2455 2385 1640 762
2456 1764 763 2063 923 795
2457 1553 698 76 118 508
2458 1238 2059 2031 1206 198
2459 1103 1307 325 1132 1682
2460 1808 1246 487 2258
2461 1737 888 949 862 1560
2462 1541 556 932 1359 2097
2463 2305 949 1991 947 2358
2464 10 1043 481 601 2261
2465 1846 183 1661 517 1733
2466 1535 38 1557 1834 940
2467 607 1035 1199 771 669
2468 1144 2325 1266 929 1603
2469 570 412 1546 917 362
2470 1270 1196 406 2408 2246
2471 1090 1444 1982 1565 548
2472 92 1506 1031 1849 1389
2473 1932 134 2343 737 237
2474 64 1433 1000 272 2133
2475 388 1476 544 2397
2476 1428 1874 1142 1647 1509
2477 1235 265
2478 626 1165 2022 1195 1846
2479 1812 1771 409 1670 371
2480 698 907
2481 1424 2405 1430
2482 321 1078
2483 1584 1089 2342 2215
2484 387 1379 2394 1235 1413
2485 1184 324 1564
2486 550 2097 1189 1647 874
2487 1662 558 2404 568
2488 2167 955 2403 341 1267
2489 992 1734 2085 288 1529
2490 2155 1367 1651 1317 678
2491 120 200 306 1523 1044
2492 2351 2398 1149 32 2007
2493 1924 1860 1191
2494 1812 2333 2245 2326 862
2495 924 1570 1933 2355 1720
2496 2385 1480 2322 2401
2497 776 1488 2106 964
2498 1410 246 1202 2093 1004
2499 1410 1777 1056 616 2245
