0 1 2 3 4 5 6 7 8 9 10 11 12 13 14 15 16 17 18 19 20 21 22 23 24 25 26 27 28 29 30 31 32 33 34 35 36 37 38 39 40 41 42 43 44 45 46 47 48 49 
2450 2451 2452 2453 2454 2455 2456 2457 2458 2459 2460 2461 2462 2463 2464 2465 2466 2467 2468 2469 2470 2471 2472 2473 2474 2475 2476 2477 2478 2479 2480 2481 2482 2483 2484 2485 2486 2487 2488 2489 2490 2491 2492 2493 2494 2495 2496 2497 2498 2499 
0 438 1597 1813 104
1 2206 528 748 2119 2273
2 1262 1584 42
3 1839 1976 832 2160 2299
4 48 1253 2287 2 355
5 1256 963 255
6 825 84 1315
7 887 1677 1592 1220 1188
8 752 833 976 505 786
9 1679 1554 284 750 1951
10 348 846 808
11 1428 2359 16 2015
12 1837 42 1081 1897 888 912 1541 958
13 769 1079 2445 1459
14 1026 1924 1020 1103 1825
15 936 2350
16 444 2225 844 1774 808
17 897 1467 2230
18 457 366 177 2245 1850
19 453 1990 1076 616 1846
20 984 869 2028 171 50
21 756 1564 241 1216 2286
22 2361 1512 563 2090 779
23 1863 1144 142 2323 347
24 357 1114 1857 607 1749
25 949 1633 196 591 246
26 1377 1508 1842 1285 1596
27 1479 1945 508 2340 2290
28 1598 1837 2178 1209
29 341 1310 438 2033 1305
30 1915 1909
31 1257 283 638 402 717
32 1418 895 1744 141 2136
33 748 1483 463 1524 550
34 219 272 340 158 1750
35 1018 416 1125 2100 770
36 1539 308 2324 1236 891
37 219 997 298 158 912
38 1489 661 1659 2298 1348
39 802 599
40 2234 1816 1520 1501
41 217 1836 1249 153 1392
42 1203 1910 305 853 992
43 1403 1668 721 1958
44 1229 2436 2108 91
45 278 1986 421 2326
46 981 2394 960
47 17 305 1521 920
48 2045 1524 829 1083 1113
49 1516 123 1056 166
50 2181 1313 1553 2319 2439
51 552 1327 1113 2169 659
52 702 2120 1694 1505
53 1448 2110 2149
54 118 512 103 267 413
55 1549 1755 1297 1609 1934
56 57 1961 1562 232 368
57 1419 2269 1050 156
58 1672 1215 1877 637 2281
59 2053 294 2379 1556 1449
60 28 1447 1613 1784 2107
61 110 239 454 123 1504
62 1773 1529 490 1861 273
63 1858 74 1277 1200
64 1423 239 2011
65 859 1804 1348 2043 61
66 1906 1194 762 23 828
67 994 645 55 575 278
68 1008 163 2023 387
69 1309 947 1703 946 536
70 750 2424 1647
71 1631 162 2041 364
72 122 105 524
73 1490 95 951 630 1867
74 969 940 1633 1418 2093
75 1844 1794 1215 400
76 1728 771 1784 518 1454
77 1847 1405 2039 787 1044
78 942 576 1822 2307 1541
79 1237 718 165
80 1206 1017 1666 1530 2209
81 227 131 1109 1770 126
82 2399 1484 1043 426 689
83 2139 1283 1375 2300
84 1145 2259 2282 483 116
85 1569 1080 2021 878 249
86 2177 725 2428
87 1319 1266 1477 2409 452
88 276 2446 1540 1008
89 203 2287 1318 96 495
90 251 984 2024 867 1749
91 136 1098 450 2416 157
92 993 1156 543 1791 2391
93 575 1085 134 24 971
94 1613 1454 1110 1852 591
95 424 2078 723 1526
96 72 1554 776
97 808 1547 975 2171 1020
98 1519 158 163 1217 1272
99 612 973 839 109 1502
100 1470 860 1744 1568
101 626 1993 1548 117 1481
102 874 626 2233 189 1487
103 2170 376 2114 2051 2447
104 553 2324 147 45 2207
105 1739 1793 1846 97
106 1773 820 1353
107 71 156 589 1838 1476
108 1914 2177 195 438
109 2424 1959 1330 399
110 950 973 1023 1440 626
111 2035 1056 865 470 1325
112 2379 110 2111 1543 1068
113 1179 1234 868 1000 1061
114 1262 875 2203 1942 546
115 1877 985 292 2326 2205
116 1180 584 213 1644 1529
117 1342 66 2249 258 870
118 1769 1843 534 161 1906
119 1150 1738 1918 126 1288
120 155 142 2204
121 2108 1538 2227 111 519
122 619 513 531 1409 1752
123 844 823 2307 1703 749
124 1564 119 1734 1749 1718
125 2220 97 1383 2200 220
126 1909 1914 1041 1808 56
127 2083 831 52 549 551
128 2321 1382 1789
129 61 1080 300 2302 1814
130 670 752 1941 1295 2096
131 1812 1122 285
132 1155 617 1326
133 522 1163 271 35
134 925 1037 1696 1848 231
135 4 798 440 1311 1899
136 1583 481 973 1762 1327
137 373 632 2413 713 1279
138 2279 2412 1453 2377 1772
139 1416 381 2203 2109 931
140 1141 129 1121
141 1047 1188 1916 72 556
142 1711 1646 1176 399
143 2328 1633 2422 572 1603
144 2284 1276 1779
145 1369 272 2224 1870 1274
146 1333 561 2208 451 2423
147 1583 813 2448 1104 867
148 75 703 97 472 1245
149 931 47 1349 969 2146
150 1345 434 140
151 398 1378
152 436 1436 229 279
153 2020 1255 1613 792 2221
154 795 2119 59 1361 1237
155 2425 472 1231 1042 1836
156 58 958 1309 1452
157 509 1540 2275 1535 963
158 1143 187 2426 214 949
159 2005 2146 832 1246 2027
160 635 2106 334 2256 1130
161 1931 1637 350 2188 1643
162 38 574 2337 537 146
163 58 2043 0 2129 211
164 449 2092 1374
165 66 1104 1437 1449 1411
166 1908 868 1446 400 2201
167 2411 1035 538 1383 1742
168 1077 1767 1280 2092 2319
169 535 934 1373 908 817
170 1124 529 2212 1925 2444
171 1642 1114 210 1005 522
172 2100 1202 340 1635 1850
173 2380 2402 1350 2271 1975
174 763 1212 2096 2377 1608
175 270 1903 2150 2139 1945
176 928 2098 2394 671 1756
177 425 2154 479 956
178 1336 2076 1874 266
179 2311 1011 590 692 473
180 213 498 972 2388 862
181 2081 2415 2433 1970
182 2315 97 672
183 1512 2131 2345 220 2373
184 2097 2213 631 968 202 733 2134 992
185 45 2334 900 232 457
186 426 1852 122 897
187 766 1876 1892 698 1031
188 2314 222 1239 1115 1449
189 777 1249 1338 1337 1385
190 258 2246 1777 1230 121
191 289 637 1909 699
192 2041 1849 2329
193 81 957 1646 1361 1066
194 492 212 1687 365 543
195 1124 93 1165 1986 2412
196 1728 337 2154
197 678 1760 2058 1852 2447
198 2272 1083 437 1652 310
199 2447 359
200 698 913 1767 2409 1563
201 940 462 1308 378 2192
202 2141 9 862 1858
203 422 407 1850 820 1838
204 102 455 1279 1952 1641
205 1405 1106 455 1164 1558
206 2113 1962 160
207 1935 125 276 1650 2163
208 847 372 1741 509 1227
209 505 648 676 2362 1188
210 1116 2174 107 1191
211 1571 725 518 2011 1091
212 1461 886 987 466 10
213 2398 1904 1409 988 1738
214 2068 2257 1793
215 527 1051 1103 16 609
216 2215 1796 677 1340 774
217 1779 1665 2068
218 1369 180
219 375 738 668 1822 586
220 97 1535 536 1033 2299
221 1404 2075 1880 209
222 1415 387 521 329 1716
223 1996 1216 1869 389 1235
224 1999 347 427 2166 2324
225 2406 1856 2311 249 328
226 1774 1081 1218 99 2419
227 1405 2254 348 874 1528
228 519 1135 1513 709 1847
229 43 701
230 1464 2377 49 2041 115
231 660 1553 2343 428
232 948 1269 1735
233 2080 263 2144 1873 1697
234 2372 275 274 914 2017
235 414 1713 2045
236 286 1536 762 2101 350
237 1730 7 1448 1091 1156
238 440 2409 94
239 2218 1453 789 799 866
240 1111 1767 692 2142 1660
241 1952 1084 1269 213 1057
242 2409 1382 356 2151 1570
243 344 371 1922
244 1348 1851 692
245 358 1199 1988 1112
246 1331 820 1627 2336 686
247 1217 259 1776
248 420 855 1306 1777 1385
249 2021 2063
250 1692 573 203 265 1800
251 703 136 1453 2360 184
252 2214 1418 788 2359 1827
253 218 1545 820 381 1200
254 1562 761 849 1887 1099
255 1602 316 58 1731 307
256 692 1378 467 46 1999
257 546 345 1406 2167 901
258 2111 402 599 2379 800
259 339 1863 1060 1587 1648
260 323 175 708 751 2020
261 2377 2139
262 1610 1807 1544 1704 1417
263 1205 2384 1854 1639 429
264 651 1585 2378 1806 477
265 272 1257 2329 280 1352
266 27 621 0 1435
267 314 2381 1872 1824 1397
268 2090 258 569 1516 748
269 1748 2441 992 322 1562
270 2111 1133 260 524
271 393 1028 1356 1168
272 1894 118 992 2195 1369 1352 561 1402 973 2039
273 1684 1124 1104 2232 1742
274 842 1711 674 5 592
275 585 23 2178 996 1181
276 1009 214 985
277 1848 788 54 1362 1818
278 1887 1472 262 1768 1684
279 1689 1850 1387 1914 1725
280 2227 730 591
281 1057 2315 1872
282 491 522 618 2182
283 221 1382 1304 2088 858
284 2248 1810 1562 2309 1412
285 1807 548
286 1816 48 2209 1896 1408 162 1943 2211
287 52 716 1066
288 877 823 212 142 432
289 2434 1395 860 653 171
290 201 2194 1507 353
291 1286 186 447 872 1646
292 1387 386 1154 1027 1355
293 1803 1023 458 464 824
294 2310 1465 301 1837 618
295 2270 1331 630 1351 1398
296 1218 147 1557 2084 736
297 1769 1431 2039 1304
298 255 915 2140 163
299 2189 121 184
300 1426 2194 2307 1695 75
301 1679 1086 1330 305 2316
302 1164 641 590 2208 336
303 571 2401 1027 1166 1698
304 711 1377 808
305 1804 1775 736 824 2384
306 43 1062 447 2288 32 120 185 68 465 784
307 1848 1776 1330 1105 458
308 1388 838 400 1773 479
309 592 2406 1987
310 973 1459
311 1700 1833 585 1895
312 2045 75 791 864 328
313 222 1094 890 879
314 904 348 765
315 1417 822 2124
316 1106 667 1267 2068 1834
317 1534 1459 1865 2156
318 205 966 1464 244 567
319 943 2137 1361
320 842 861
321 198 98 1410 8 2231
322 2239 78 963 2372 2197
323 158 979
324 2362 2243 831 1036 733
325 2030 1043 1429
326 664 149 140 2360 495
327 1693 2020 2268 859
328 2297 524 1614 1104 2062
329 1043 2340 1696 113 680
330 1155 1738 2119 1966 1470
331 2135 1037 1231 9 968
332 2348 1831 636 1872 442
333 1677 274 2347 1541 1417
334 1909 1259 274 2265
335 1647 1915 1813 1928 2062
336 2263 170 2249 1623 2401
337 2301 1746 1396 1315 684
338 520 32 1656
339 190 2127 771 1012 387
340 173 980 1135 1371
341 1043 2220 443 1592 1722
342 391 921 1491 2425
343 1808 2147 1611 504 1076
344 1141 1524
345 930 457 479 378 545
346 2022 2270 1490 959 1054
347 1497 2349 455 1607
348 2289 1833 1853 1728 393
349 1235 574 2124 577 1895
350 76 409 1011 1159 1015
351 1512 1402 2238
352 1310 6 258 1354 859
353 1640 1478 1102
354 619 1499 356
355 575 2337 17 868 254
356 618 126 2133 1715 496
357 660 397 1756 452 1755
358 1801 1884 859 2093 159
359 1459 1236 1771 2449 546
360 1668 1623 1893 1263
361 1935 1519 77 1323
362 1964 2151 1848 2287 1082
363 1627 1381 2163 887 2155
364 487 2199
365 171 2109 2060 1424 794
366 1287 2024 1202 1778
367 877 1756 909 1166 322
368 1591 679 2021
369 1705 957 74 599 978
370 1581 1803 214 2311 1419
371 7 91 1399 1095
372 1747 361 1309 1468
373 1142 1853 439 1710
374 1224 729 1283 2387 757
375 832 922 501 2346 1027
376 2328 1843 902 1090 2039
377 1205 2262 2321 1705 1001
378 2206 1842 2444 212 1005
379 992 662 1691 2155
380 1710 1647 1420
381 515 1780 149 41 1408
382 119 76 2249 1566 1546
383 1829 1648 1245 1148
384 1027 2126 1908 2367 1640
385 587 989 1012 1811 1089
386 232 1343 2081 134
387 2433 998 1137 295 1537
388 432 986 42 367 1803
389 2135 1663 2016
390 950 2241 389 909
391 2393 1348 1188 1949 1316
392 918 292 1530 1818 1523
393 644 1649 756
394 2093 521 1843 202 768
395 279 1520 1400 1871
396 891 726 2305 1262 139
397 468 1198 965 92 708
398 1586 785 443
399 1149 2381 775
400 2427 2131
401 134 1053 1962 1304
402 2283 102 306 1847 8 1041 2217 1428 504 1500
403 1452 966 333 1538
404 1463 1955 2019 2209 1301
405 1021 2216 668 1734
406 1534 747 639 509 1688
407 1328 1634 794 1973 1196
408 480 936 2398 1374 2181
409 459 94
410 1683 2277 2290 348 1180
411 740 2249 1559 265 2154
412 1609 221 2433
413 1664 1493 1974 1903 1242
414 1616 920 1525 1331 470
415 849 1579 20 1606 616
416 964 2042 995 1797 2086
417 1808 760 814 666 679
418 1934 1463 1990 1987 424
419 530 2077 261 1710 2048
420 342 2175 131 2111 1204
421 1322 1466 2213 187 509
422 1128 733 876
423 1502 2091 1013 1675 1127
424 1907 659
425 1727 64 2088 346 312
426 122 1298 2179 939
427 1672 2206
428 1397 197 1346 2155 321
429 480 2259 1185 1660 2089
430 1238 501 1146 2034 93
431 430 1496 300 2443 1329
432 2403 1170 670 482 737
433 1578 1175 1106
434 533 171 2207
435 2340 1723 611 2129 1149
436 277 678 1150
437 1326 60 1518 2370 73
438 2163 561 1336 122 1545
439 505 1913 2437
440 1789 1781 1558 1223 1878
441 2031 267 171 446 2091
442 1542 1046 68 1495 1217
443 1178 2142 1698 979 2321
444 1620 535 229 1019 2218
445 300 1457 2018 37 2232
446 906 1169 2058 1784 1408
447 260 2157 257 2152 1977
448 1040 1287 34
449 1573 1755 517 51
450 1395 63 1376 565 606
451 903 834 1343 341 60
452 309 1300 1699
453 1965 1740 818 1811
454 1485 2053 177
455 1405 2154 946 2251 1813
456 696 1560 1570
457 2142 208 520 1887
458 611 2172 345 943 116
459 1733 853 1672 247
460 1928 2417 691 1626
461 1092 1433 1253
462 872 246 1061 1040 1627
463 885 1986 1572 549 1546
464 419 1129 1213 115 750
465 995 704 132 1760
466 263 438 1927 1692 243
467 2151 1556 2333 1872 616
468 1435 2040 326
469 263 2303
470 1442 1141
471 2107 938 2070 1010 616
472 396 107 851
473 2432 102 591 2433 1955
474 209 448 1247 1902
475 60 1508 41 2017 410
476 1326 597 111 1503 1615
477 2438 1437 251 1803
478 2004 1171 110 1985 1448
479 1631 520 949 2376
480 2276 2330 1521 47
481 773 462 1284 822
482 2287 909 2027 90 2186
483 432 1657 680 625 902
484 143 1155 2010 592 1690
485 754 454 980 1072 60
486 2374 2426 800 2439 2215
487 1742 778 391
488 13 1167 473 2120
489 749 1276
490 1770 2357 1484 171 1834
491 1735 617 449 2231
492 1083 1744 1940 981 197
493 1086 1867 2335 469 1115
494 470 461 994 2357
495 181 1776 130 587 907
496 2337 1007 904 669 0
497 954 1480 1421 1709 1102
498 533 2248
499 1240 1522 279 496 486
500 1044 595 2246 82 2066
501 1474 2209
502 434 1027 66 975 1902
503 1617 346 494 1981 104
504 223 918 1525 298 2390
505 2163 1636 1468 2145 1069
506 1545 1379 1503 650
507 374 481 1802 522 401
508 79 2298 327
509 431 1218 313 1754 886
510 875 2446 241 316 1404
511 1539 706 1222 860 85
512 1958 1661 1706 848 477
513 1660 1825 1762 2403 1532
514 693 2362 1620 320
515 293 1406 2383 292 2290
516 923 1995 337 1664 1029 826 807 1877 2187 201
517 91 772 1094 2253 665
518 1995 2334 1561 1548 1623
519 1620 1483 1202 619 44
520 1512 9
521 850 947 749 2395 1804
522 1520 350 319
523 1697 1976
524 1084 1184 1872
525 140 1723 1630 2210 1934
526 2216 525 1875 202 592
527 440 1488 2016 71 179
528 1374 1846 1984
529 1323 683 1579
530 2181 377 1991 127 1922
531 868 371
532 2224 2083 639 712 1610
533 374 2270 171 2258 1749
534 2000 203
535 2028 216 1120 1289 737
536 2311 1737 1972 2295 2106
537 2091 636 688 491 1018
538 2412 868 1023 2155 2042
539 1727 172 694
540 888 1200 817 1691 310
541 1416 2048 552 369 1194
542 687 753 947 391 360
543 185 1419 812 646 2069
544 694 2157 237 2041 1442
545 2069 1668 489 1481 1040
546 2373 18 603 2032
547 1849 58 392 551 21
548 934 363 1443 1410 1668
549 2354 1145 377 92
550 1122 749 1789 1803 1245
551 2449 1652 1232 1115 874
552 1105 743 1851 1059 2380
553 1621 573 1853 742
554 12 1538
555 2353 1816
556 902 2185 1062 533 1874
557 1883 1883 784 1445
558 274 375 1952 1045 2276
559 1737 1899 129 842 2307
560 362 2012
561 1479 916 266 1612 1713
562 550 2349 401 1379 1592 613 1498 279 2440 1639
563 556 2138 110 571 1309
564 285 562 877 2127 1217
565 514 2376 743 2013 1971
566 1875 365 2030 2216 938
567 1094 1864 1979 855 537
568 18 1286 874 362 641
569 1945 932 1849 366
570 1263 2399 924 318 741
571 764 2201 1553 710
572 2376 512 1941 1491 42
573 366 749 2338 1085 137
574 1299 2187 320
575 120 1049 1139 186 388
576 682 1359 1126
577 2427 2128 249 438 36
578 413 416 39 629 2160
579 1613 176 453
580 2085 528 993 598 2428
581 1492 1950 729 1114 289
582 24 1237 1568 1116 285
583 2009 527 244 2332 846
584 964 1564 473 1944 1710
585 1081 2448 1008 2180 119
586 1055 381 1280 277 404
587 733 1990 1924 2278 951
588 517 428 1352 2227 2207
589 1589 1389 371 92 222
590 1221 886 2147 1993
591 275 1931 2294 725 19
592 1643 1074 1000 1012 2085
593 921 836 1892 1676 1026
594 134 2133 122 1955 2002
595 1382 137 1347 1168 278
596 1008 2047 248 811 1463 550 283 1099 2230 1301
597 2268 1387 1273
598 1670 822 371 295 438
599 464 165 1382 1485 1319
600 1614 3 442 1908 2012
601 715 94 1996 1946 1848
602 172 1035 1205 1777
603 641 419
604 151 1394 112 2075 885
605 1928 904 892 481 807
606 2275 844 2142 501 1640
607 1280 626
608 1937 625 557 170
609 1759 1538 1305 924 2013
610 981 1569 425 2281
611 1403 878 1712 1813 757
612 775 351 2278 2087 593
613 740 844 452 1338
614 27 442 2146 1956 1283
615 1156 1949 231 1816 2398
616 1575 1507 2365 1744 1089
617 1954 1578 1214 438 562
618 1184 1144 1591 1704
619 782 2153 927
620 2425 1637 2114 390 664
621 1870 1882 375 400
622 995 1960
623 1100 787 1870 1872 2136
624 2364 308 2141
625 2443 1899 114 1952 1767
626 1087 413 1701
627 2069 417 1655 1416 1606
628 1753 2430 2295 1155
629 308 1996 2029 846 242
630 1522 1929 2040 1260 2116
631 666 807 43
632 2036 1914
633 249 2097 2129 1586 2050
634 1627 1837 2352 178
635 2340 1519 1481 1893 1132
636 1086 1032 1568 1552 802
637 1203 1632 362
638 1111 1944 2248 844 203
639 1793 829 1538 2180 1656
640 32 1349 506 664 2003
641 645 1935 1063
642 438 213 2395 775 765
643 1460 951 2441 2261 991
644 2376 1887 1291 307 790
645 2445 2064 341 960
646 694 2050 932 2168 242
647 161 2212 35 1586
648 1197 385 2447 2398 1189
649 1611 988 2033 854
650 1615 1139 15 942 2361
651 2150 1667 892 1956 441
652 2412 450 1281 1550
653 781 1989 821 1188 197
654 97 2127 1793
655 498 508 423 107 446
656 1650 1429 508 1736 1014
657 1694 1187 1715 1383
658 182 1921 807 175 1905
659 2367 1629 181 700
660 1817 2053 1469 511 1208
661 1023 1116 1397 2329 123
662 1432 259
663 695 382 603 725 265
664 1059 1686 1788
665 52 2412 2309 245
666 1479 1319 473
667 2426 80 842 504 289
668 918 811 614 1847 1561
669 801 2385 2262 1344 950
670 501 92 1242 369 136
671 1508 2292
672 881 745 2439 531 959
673 67 2276 1888 1885 785
674 973 2319
675 1313 946 325 1352 501
676 1912 987 740 1745 1699
677 2335 309 2100 667 250
678 921 1190 1251 706
679 1284 2292 264
680 2163 308 1152 234 600
681 2277 716 1839 553 2179
682 434 1893 744 1497 2105
683 1111 1633
684 1654 1664 1899 295 1783
685 76 1557 1709 1110 1812
686 2400 411 675 845 1138
687 756 259 1261 1447 1399
688 2268 1633 729 1572 2138
689 247 1608 2302 322
690 1404 1660 906 2404 1431
691 1316 2068 318
692 335 1251
693 767 895 2161 1143 1930
694 2122 1841 931 773 644
695 2243 2195 2416
696 1851 921 42 577 1795
697 170 800 687 292
698 1269 992 476 1614 2060
699 1956 1567 1224 1863 1731
700 2204 1307 1746
701 964 1936
702 69 1118 1225 265 947
703 685 248
704 1278 1268 1003 1917 2190
705 2056 417 1090
706 294 2353 2306 1279 910
707 190 1822 536
708 2366 473 1437 2264 1205
709 19 2332 1786 1540 1413
710 946 1128 520 2175 1041
711 795 2393 66 1687 1098
712 1859 2033 2240 1751
713 2119 1171 23
714 76 1553 1851 2181 1763
715 776 1171 88
716 2127 2315 1383 1438 1362
717 1290 1670 244 1406 56
718 28 541 459 608
719 1924 25 397 446 930
720 1465 771 963 2390 20
721 463 1908
722 2422 2200 465
723 1175 1790 952 1447 1035
724 778 379 198 1247 2441
725 2300 1568 1460 2398 2111
726 1653 123 1801
727 372 2189 1039 1213 1066 1498 405 360
728 378 2190 887
729 1643 2220 2163 1502
730 2146 968 76 1431 1617
731 2438 121 1847 107 638
732 1698 1140 1349 244 2238
733 1320 2182 888 718
734 826 594 114 2396 13
735 500 1326 413 930 1523
736 289 415 514 24 1617
737 2088 1640 1296 747 1543
738 1273 1103 1509 1578 708
739 194 1477 1889
740 1457 2130 2392 24 1711
741 1832 431 61 1385 1715
742 109 1681 822 1942 2237
743 2094 491 2374 1817
744 963 447
745 1368 1684 1087 1790
746 635 736 1908 2265 680
747 666 176 1087 2408 1064
748 718 2371 1451 1883 2326
749 2100 729 976 1976
750 1680 1249 1093 1470 2302
751 1747 2133 2046 1213 1600
752 2211 1326 2137
753 1607 2395 631 778 44
754 1628 1738 1277 1913 643
755 1789 985 2142 2214 430
756 2188 2082 1226 1048 792
757 147 1703 126 566 1330
758 1215 730 1233
759 1509 1875
760 819 1314 10 2129
761 1950 930 2140
762 1258 2081 390 341 1373
763 1620 2221 1405 1537 1305
764 1581 2250 1950 119 1352
765 158 1707 502 2164 87
766 1047 222 1576 1238
767 893 1836 1197
768 782 2276 1659 241 1248
769 1845 254 1585 1134 130
770 1239 634 1694
771 418 1947 1047 1143 889
772 2114 181 949 105
773 1833 2279 1367 2157 190
774 1388 13 1578 594 579
775 2439 125 444 2003
776 2383 631 1476
777 2126 2294 1723 1937 727
778 702 2226
779 2265 1550 1647
780 2168 282 602 42 1245
781 1881 2438 1021 2171 1220
782 1907 1171 2385 1080
783 672 1977 134 1682 966
784 552 11 2281 1344 645
785 860 2397 697 261 2389
786 1714 603 2224 825
787 598 2372 963 639
788 24 813 322 899 1146
789 2171 1394 2010 2363 2210
790 718 1870 109
791 2120 107 1424
792 893 1956 322 421
793 1720 641 1042 1500 1399
794 925 1515 1039 684
795 1435 1187 2382 861 1290
796 185 641 1546 2370 864
797 1232 886 797 702 1942
798 1380 269 1910 961 1293
799 530 1801 684 474 1895
800 1180 1702
801 2115 296
802 1623 268 331
803 2188 516 2291 1325 1715
804 712 1034 2185
805 608 2254 219
806 2331 496 681
807 1813 2416 1972 1444 909
808 1986 789 1418 1439 2170
809 1474 896 969 1367 248
810 53 1910 1765 1066 873
811 2403 175 1991 910 1351
812 1970 96 663 48 2069
813 2348 413 2313 1516 457
814 1348 1836 542 1692 1623
815 422 1670 614 490 1528
816 2112 1699 1967 263 1724
817 707 1978 1478 1981
818 1020 171
819 2340 41 186 1621 1267
820 2437 2107 138 362 1927
821 2205 2374 1057 1934 1044
822 874 981 1666 362 1216
823 725 349 2101 628 153
824 1757 1921 283 684
825 1087 1262 536 2428 622
826 928 1754 2368 483 449
827 292 490 1057 1788 173
828 2092 1759 2109 2118 1006
829 1096 333 2400
830 2373 2422 1440 510 1830
831 1445 1216 832
832 2328 1920
833 368 447 2336 464
834 1159 1725 1949 646 205
835 488 1211 1203 1884 1019
836 2285 1664 2001 1082 127
837 41 1351 2118 656 1454
838 272 2194 1808 2009
839 1505 547
840 1694 1380 891 334 1365
841 424 1062 1257 985 2335
842 746 1463 1938 1025
843 1349 926 794 837
844 685 73 1162
845 1698 2278 971 2431 47
846 1369 2113 1167
847 313 1919 132 2224 1399
848 1677 2097 1310 996 2390
849 2182 1256 1432
850 1522 711 1171 400 1533
851 1341 4 200 1454 1526
852 2042 489 270 116 2116
853 1568 1652 2370 2267 1219
854 2170 611 1087 2142 1066
855 1260 903 2341 854 30
856 1040 1187 298 1670 936
857 4 1291 793 1109 674
858 778 646 757 46 2143
859 2292 325 1969 1575
860 1785 639 355 999 552
861 2371 360 620 68 1805
862 2044 1620 1936
863 995 2392 724 2104 137
864 1446 1988 1713 1691 1467
865 1856 806 2041 870
866 2375 972 527 938 2051
867 169 61 969 668 1816
868 2358 1511 675 454 1464
869 276 379 460
870 669 2331 1694 991 1985
871 1670 529 2313 188 2066
872 1743 1670 3 759 2445
873 1376 1380 1433 397 1932
874 890 1801 2008
875 1688 2347 1522 1678 1238
876 1536 423 1349
877 1048 1660 120 820 1290
878 986 1184 2017 1247 2138
879 1140 37 616 939
880 2354 2092 2 1866 635
881 1910 2008 1134 2440
882 1108 2360 2235
883 763 453
884 2143 697 1661 12 1925
885 2318 1314 758 463
886 2134 1569 783 2227 165
887 894 186 554 2274 1233
888 1708 949 617 1321 766
889 600 1729 1896 1422 160
890 1243 999 849 1797
891 538 1200 1762 893 1219
892 537 1066
893 1142 938 2197 1596 2063
894 86 2251 2143 703
895 561 354 2260
896 1492 1048 1806
897 953 997 1548 2028 2069
898 565 1857 821 1149 597
899 1206 1844 2219 400 167
900 514 272 1034 2314 1875
901 1053 958 1188
902 887 2432 776 705 581
903 2154 1142 476 1507 2001
904 672 2171 1852 2250 127
905 456 1966 761 991
906 1507 1037
907 1555 581 139 9 42
908 2357 2074 2376 105 1389
909 1387 91 149 794 652
910 990 2365
911 1026 1852
912 2150 1845
913 2317 197 1174 719 2352
914 89 20 290 1673 555 2151 51 93 790 1432
915 323 1017 444 1547
916 1486 1192 1661 1532 544
917 2302 1930 257 1691 27
918 962 1212 1985 1112 2121
919 1537 974 890 1451 679
920 20 1945 1049 2158 1731
921 1305 1021 2072 259 2413
922 1651 1778 1285 438 465
923 1490 235 1042 33
924 450 1308 1824 1440
925 568 1200 1117
926 1440 1592 607 1892 1775
927 104 2359 1592
928 1088 1705 2410 1630 1552
929 1213 313 1449 371 1178
930 1627 2251 1719 909 2300
931 1756 859 317
932 2097 1465 1676 2116 2144
933 2075 32 914 362 1533
934 903 2250 634 651 2114
935 794 1428 2159
936 1876 469 1455 244 596
937 942 727 620 1025 2004
938 80 2436 334 492 1699
939 39 2009 131
940 912 444 2313 153 1064
941 847 1626 554 1790 1702
942 1100 1574 1356 2270
943 106 1480
944 1504 2430 2131 1706 2157
945 1877 2025 1221 1381 1449
946 1493 1401 1529
947 1700 1511 275 1170 1868
948 104 2039 2098
949 222 2052 363 188
950 1001 71 1796 335 692
951 1748 892 365
952 2400 570 156
953 2185 201 1077 1950 1662
954 1925 2386 639 580 689
955 1964 666 2162 379 573
956 18 2377 1524
957 2384 74 860 1183 1688
958 1007 1456 1788 119 2444
959 1438 166 672 1943 1795
960 2260 1186 395 940 1423
961 239 870 1661 351 686
962 1875 734 1184
963 522 1847 1393 572
964 483 355 2247 1334 614
965 539 1376 2129 18 1279
966 344 634 97 112 1019
967 188 17 511 108 1686
968 1099 1172 449
969 562 1572 12 1068 1747 2213 2316 1276
970 586 2366 0 1573 1058
971 2107 1236 1915 769 1091
972 2008 2112 2394 1521 648
973 633 2390 1366 1152 274
974 270 947 2104 113
975 2415 184 1124
976 2368 1024 1806 230 85
977 594 1658 1599 776 2297
978 1872 850 1365 1842 227
979 1344 922 1069 499
980 2385 897 1574 316
981 320 1034 1584 763 990
982 1946 336 1593 806 1596
983 1969 206 2283 1930 96
984 2311 680 1742 1265 1422
985 2240 2180 376 212 1361
986 1597 41 1513 2155 737
987 1795 1052 170 920 161
988 619 680 1541 328 193
989 1808 1138 2337 82 654
990 2314 1364 376
991 390 890 2025 1989 1103
992 2093 929 1168 1024 1151
993 2351 262 2271 2163 1234
994 905 1819 1314 446 740
995 730 2315 2325
996 1776 1664 2082 419 205
997 1187 791 1463 2046 1569
998 891 2293 1766 970 1713
999 478 1464 1878
1000 2195 408 2347 2271 1525
1001 2338 1247 843 2348 1755
1002 1711 1755 1062
1003 1647 637 104 1001 1284
1004 59 241
1005 623 1104 402 2317 529
1006 588 2266 2054 607
1007 1320 1861 2249 490 812
1008 2337 1883 2420 203 1459
1009 571 1203 364 1872 1624
1010 36 753 1386 1471
1011 1467 2050 1589
1012 2077 1131 621 1731
1013 537 1091 503
1014 905 2120 48 1512
1015 2399 1204 1514 1908 2064
1016 1932 1575 548 2399 1704
1017 7 1048 460 1668 1878
1018 215 212 570 1884
1019 1019 1173 176 283 979
1020 571 241 1350 2103 688
1021 586 2223 767 2214
1022 1870 684 1277 2295 379
1023 1208 1821 1640
1024 776 782 1074 82 1616
1025 1648 683 1609 2392 672
1026 120 2045 1336 659 17
1027 411 2294 1169 989 1360
1028 994 1500 1380 1005 580
1029 896 1593 232
1030 575 1908 1322 1309 1080
1031 796 2000 1272 2101 140
1032 190 1207 2249 720 1795
1033 422 1802 2321 972 600
1034 486 399 1684 1055 2358
1035 2371 1640 2249 1222
1036 910 805 2094 1390 319
1037 1532 1890 2010 530
1038 1018 2271 1418 1517 661
1039 1336 206 338 524 1740
1040 2240 1155 2140 1161 1319
1041 748 609 1223 906 1999
1042 689 735 1520 511 2082 1479 1929 1770 1586 1703
1043 842 1678 793 1136 1714
1044 353 848 1609 2206 481
1045 1139 113 1041
1046 1365 1975 2211 760 868
1047 772 1930 2175 1249 1741
1048 1214 1459 889 19 652
1049 82 916 1126
1050 32 1561 462 142
1051 1594 928 1369 1018 625
1052 1473 1538 1487 797 1515
1053 444 1459 55 1388 1296
1054 622 1783 1441 1645 185
1055 1816 973
1056 2385 1891 1886 182 228
1057 1804 1414 1173 983 1265
1058 2119 6 636 1234 740
1059 1482 336
1060 297 2107 2181 1228
1061 127 457 1658
1062 1351 610 1221 624 2089
1063 1178 1556 120 2009 1965
1064 432 1051 2309 532 2010
1065 1 1128 2318 926
1066 1982 1283
1067 1544 2392 1467 1119 2044
1068 989 114 1992 861 1703
1069 1796 451 2271
1070 510 925 3 615 1906
1071 970 447 2020 613 525
1072 1852 1048 1674 990 1315
1073 11 41 365 1798 2251
1074 2323 2394 1798 2122 614
1075 247 2098 2328 1047
1076 415 2194 1688
1077 56 55 397
1078 1670 1244 256 124
1079 494 1136 291
1080 533 743 521 1345 1901
1081 1681 1981 616 981
1082 1716 920 1515
1083 261 764 1355 806 323
1084 2011 1130 2351
1085 1390 1892 2146 1087 1813
1086 807 1797 947 752 1183
1087 1358 1802 1049 2015 79
1088 2099 961 1424 1030 141
1089 521 2312 883 1182 1865
1090 1948 712 2062 923 659
1091 2218 2267 2400 894 308
1092 1047 580 882 407
1093 678 1119 1107 627 1424
1094 2109 1971 1673
1095 946 2042 143 1926
1096 1202 1549 1394 2151 766
1097 46 1063 1196 616 720
1098 621 1474 1743 1477 1203
1099 1998 1806
1100 1767 995 1937 855 1377
1101 1088 1418 2113 835
1102 2436 827 253 676 2100
1103 722 93 2443
1104 1030 1594 1088 686 1133
1105 1755 1270 1820 1394 1714
1106 933 804 1006 201 2074
1107 88 2432 1983 1459 267
1108 777 1617 1023 2332 408
1109 1993 623 2084
1110 1681 1093 1774
1111 2021 1789 692 920 1934
1112 2243 1564 2304 488 1823
1113 612 513
1114 642 2317 1845 2169 754
1115 651 314 269 1337 154
1116 389 768 230 385 949
1117 1366 598 1601
1118 1364 2219 40 176 570
1119 1128 1750 1124 2317 1753
1120 1631 1816 1165 247 1819
1121 2141 1338 1909 453 1188
1122 1283 2280 666
1123 1155 499 2109 455 1627
1124 340 1356 806 1663 566
1125 846 2290
1126 2425 48 1942 1954 590
1127 1333 478 2205 1498
1128 1938 1904 1956 1733 1923
1129 1242 2096 673 2122 943
1130 642 1717 867 288
1131 1036 1825 1867 1865 375
1132 187 2153 1625 678 797
1133 926 743 749 1209 469
1134 263 1570 1532
1135 761 1468 1710 1610
1136 2204 1639 1466 2431 1113
1137 245 2283 289 1434 1628
1138 633 1838 209 1585 2155
1139 101 1471 2427 1410 669
1140 468 289 501 2107 1048
1141 592 1624 962 1442 1219
1142 604 2161 176 1832 1009
1143 1585 1438 1619
1144 99 1111 1774
1145 1233 460 1011 1415 442
1146 605 736 2169 1403
1147 1200 1031 480 1350 687
1148 1985 247 879 2292 1430
1149 1149 227 836 1202 217
1150 1739 38 2115 16 279
1151 662 965 1449 1949 940
1152 908 1882 539
1153 2429 1086 1065 2165 1916
1154 1984 2178 2430 1437 1074
1155 1571 253 2377 2364 1502
1156 753 183 1390 90 2135
1157 1366 354 71
1158 1590 981 1888 2033
1159 1676 1018 1785 588 1305
1160 1054 853 1906 1432 1185
1161 2264 440
1162 602 586 2447 592 979
1163 386 1187 139 317 177
1164 17 486 40
1165 1709 1801 1735 1654 785
1166 2388 1013 798
1167 119 211 1481 1765 339
1168 274 505 1492 1337 1784
1169 1739 2050 908 1874 1796
1170 77 466 439
1171 893 228 429 555 260
1172 1424 1553 1831 722 1793
1173 435 1780 911 712 964
1174 1009 2268 556
1175 376 86 1888 1603 174
1176 1714 678 846 213 180
1177 2216 1606 1515 469
1178 1058 27 1536 1907 1459
1179 366 1880 1734 1195 2253
1180 1909 2391 1013 138 2094
1181 610 813 2102 1376 799
1182 421 1956 1658 590 237 1136 2256
1183 1827 490 1089 489 967
1184 537 2358 454 1124 644
1185 2229 1055 1911 2175 1705
1186 2376 250 77 1826
1187 30 1170 2234 1405 1024
1188 1497 1441 523 52 2407
1189 1119 1333 1680 1775
1190 867 2056 1508
1191 1478 354 615 1678 1609
1192 1840 2063 624 333 1061
1193 1380 362 1804 1537 2075
1194 2099 1131 334 1434
1195 126 2120
1196 2079 2194 693 878 1367
1197 677 1004
1198 1048 111 302 1019 1878
1199 116 587 578 988 2219
1200 1266 2416 2387 950 131
1201 2294 1357 1111 1609 1866
1202 698 2394 2274 1944 1060
1203 460 880 2203 878 1273
1204 31 223 1273 264 1479
1205 230 813 1878 1686 1758
1206 518 1162 1130 2386 1458
1207 1128 1539 796 1580
1208 206 822 903 49 258
1209 988 33 2192
1210 1796 945 602 1037 1531
1211 741 1172 1864 711 263
1212 211 1670 326 345 1061
1213 1514 374 523 1138 475
1214 1487 1729 828 1897 524
1215 1971 1221 1388 1942
1216 897 1504 984 603 2029
1217 132 1223 979 2110 1996
1218 2117 2428 1559 2247 2396
1219 1880 829 2 1170 599
1220 1550 251 2291 1416
1221 1744 1468 1772 1469 2251
1222 1815 170 432 862 215
1223 193 74 46 2358 2140
1224 1668 2148 146 479 1210
1225 381 1851 1336 689 1009
1226 1842 869 1132 2447 12
1227 268 251
1228 52 895 27 825 2204
1229 1486 321 427 2275 122
1230 219 847 836 1030 1249
1231 1383 1049 174
1232 1994 2352 193 2275
1233 2299 1955 1237 1723
1234 1173 2347 1821 2173
1235 182 2040 2249
1236 946 857 291 496 1050
1237 306 2054 920 270 632
1238 148 1224 400 1448 1627
1239 437 614 2112 637 1655
1240 491 1998 1154 297
1241 829 1215 20 468 2336
1242 239 659 1397
1243 602 1995 1953 2351
1244 255 1965
1245 213 457
1246 926 812 1819 1641 777
1247 1283 1025 1978
1248 164 50 2089 1424 1607
1249 1615 1829 2390 637 1339
1250 778 477 868 106 1072
1251 43 1726 1012 2415
1252 1218 2208 921 538 1532
1253 1945 1749 961 701 650
1254 407 2005 2215 1614 1618
1255 411 1649 1580 35 1038
1256 1792 1410 200 996
1257 2303 395 2200 9 399
1258 218 1429 1384 1135 511
1259 1547 1450 976 1107 2440
1260 2299 496 880 2211 1688
1261 1639 1241 604 1926
1262 290 908 686
1263 2257 338
1264 551 271 1942
1265 1022 1926 2012 1810 2055
1266 186 1087 2129 2152 189
1267 677 122 2041 316 2181
1268 952 815 1089 392
1269 972 903 582 2104
1270 1054 2115 896 2391
1271 1683 2230 1740 812 1149
1272 1961 1566 1784 1537 2253
1273 536 2079 648
1274 1296 599 1288 257 1700
1275 285 182 1677 1063 2416
1276 122 60 830
1277 1745 263 1107 1472 1432
1278 1149 2443 1604 642 697
1279 1219 52 1743 2246 294 798 1203 759 424 1021
1280 211 1397 1518 56 1364
1281 583 2078 652 442 1447
1282 1689 621 507 1748 2131
1283 2408 1878 612
1284 313 436 1560 509 1968
1285 193 6 56 1494 2328
1286 2164 1434 1277 2159 197
1287 1404 1533 1250 1431 1897
1288 1908 1634
1289 704 2208 1254
1290 2046 428 1742 599 99
1291 1053 562 1314 1912 844
1292 506 1858 2007 1207
1293 412 1997 1454 1062
1294 2089 400 630 1974 1796
1295 2109 2238 1770 2318 1313
1296 1948 985 1140 169 779
1297 1114 1014 101 991 723
1298 2075 698 1490
1299 434 225 1478
1300 922 1937 706 1599
1301 343 2077 682 948 2236
1302 673 2075 1901 2274 93
1303 299 1049 1389 1322 1833
1304 1124 763 1798 520 2342
1305 228 297 178 1679 1896
1306 2447 2084 2080 598 1267
1307 1944 2248 728 210 1798
1308 995 2022 1209 876 2449
1309 1784 654 585 1587 1371
1310 1700 805 2155 788
1311 1014 55 916 18
1312 932 2396 2086 1705
1313 554 2218 127 2011 1772
1314 973 1265 367 1158
1315 2038 2093 2395 357 246
1316 628 1922 747 1345 172
1317 794 2076
1318 30 711 1334 1725 159
1319 1158 2316 1184 2196 2234
1320 2383 1746 1531 1974 306
1321 2385 1297 2202 298 119
1322 1633 1511 1427 806 309
1323 869 2256 1266 1124
1324 842 2061 1241 1997
1325 2178 2293 1666 1339 2325
1326 564 1517 1591 2257 1627 1585 1364 653
1327 1668 446 1968 1141 1009
1328 1602 2030 2070 613 25
1329 860 2066 754 1899 1180
1330 1496 1391 223 2095 1515
1331 201 384 578
1332 1016 1789 292 2347 1503
1333 2359 373 2258 2281 1246
1334 1547 1816
1335 1366 1569 2416 1768 1743
1336 2062 268 2059 384 737
1337 694 243 1316 840 1129
1338 1948 1167 1570 895 1524
1339 742 1576 1053 2325 1609
1340 1844 1044 2409 542
1341 1277 1186 468 1910 1049
1342 1421 1743 1012 1611 683
1343 2263 1897 1826 697 707
1344 593 998 1721 762 993
1345 2222 1245 2229 1911 347
1346 1939 1172 2233 2365 362 953 895 1762 2350
1347 363 2263 194
1348 1648 1375 794 2332 735
1349 1461 602 1827 637 1343
1350 278 2261 1933 2144 524
1351 2067 969
1352 2227 1166 2382 801 182 2303 537 256 1359 588
1353 802 2082 863 1686
1354 1279 1061 1213 1670 899
1355 185 2207 1554 1004 2360
1356 567 2034 644
1357 2153 2017 1278 0
1358 1601 933 783 1142 758
1359 1639 31 1481 134 23
1360 2218 716 352 1756 1073
1361 1273 1296 1390 1963 1250
1362 989 409 831
1363 1201 161 864 1018 1538
1364 327 661 1911 1792 662
1365 1779 1239 771 693
1366 1285 1799 686
1367 555 1911 200 115 1063
1368 1148 2216 2366 59 954
1369 2406 473 2110 1442 355
1370 908 1487 2012 743 474
1371 1283 92 1013 1046
1372 780 1369 922 596 39
1373 1247 910 1963 2248 907
1374 2341 2157 76 984 321
1375 1401 770 371 1339 784
1376 1286 1430 375 149 2367
1377 377 576 377 340
1378 1766 1689 2368 453 2235
1379 65 1230 472 511
1380 2264 2076 235 264 790
1381 1677 1289
1382 106 1547 781 2113 2275
1383 157 1076 597 1792 2418 1577 1368 904 914 1528
1384 374 1991 786
1385 2214 723 682 487 968
1386 1379 2443 1645 2345 726
1387 2150 2443 1247 625
1388 2435 221 2172 527 144
1389 491 1565 116 1155 342
1390 1203 99 1201 241
1391 1474 169 31 1418
1392 785 141 222 1750 1357
1393 648 1305 971 1605 2056
1394 1332 1306 633 449 1297
1395 1658 1091 2325
1396 2172 2041 2371 1861 357
1397 2098 1163 1492 2351
1398 188 1855 1349 1968 1497
1399 201 582 511 278 251
1400 1526 1674 605 2201 1816
1401 2002 377 230 1196
1402 2137 349 769
1403 1513 1368 86 768 340
1404 500 2268 634 694 142
1405 2105 1699 1605
1406 2218 995 1641 110
1407 759 2224 17 994 1290
1408 237 1475 1462 2208 863
1409 1281 1815 1350 1546 367
1410 1783 1228 796 1132
1411 43 164 2383 527 415
1412 1012 1268 2290 2105
1413 504 2316 1195
1414 176 1433 1015 579
1415 2258 1933 1
1416 332 1750 703 1630 1211
1417 1754 2383 758 852
1418 2363 2063 403 1006
1419 1684 1479 286 290 1269
1420 1919 996
1421 1587 2235 175 279 1623
1422 2063 719 1253 2087
1423 1226 2152 620 1504 952
1424 1388 683 363
1425 1174 1740 1074 2172 611
1426 1695 821 2315
1427 821 258 1697 882 181
1428 1411 752 2354 152 106
1429 2271 2428 1241 972 2129
1430 1780 2282 1880 307
1431 830 980 1538
1432 2447 2208 620 1230 281
1433 1760 69 1305 2244 319
1434 1798 396 498 931
1435 504 2180 1055 2076 2369
1436 1740 1075 2275 2429 1179
1437 2195 1055 1056 1811 516
1438 2205 1649 1289 205 691
1439 498 929 650 1225 1331
1440 2404 470 2355 1746 979 1946 1415 43
1441 1869 314 460 815 1222
1442 2365 1275 1610
1443 1830 290 2153 363 328
1444 460 73 410 1435 2028
1445 1149 1514 14 2339 759
1446 1613 669
1447 361 2120 239 1149 1385
1448 1995 1798 1011 494 102
1449 1868 1956 451 905 1550
1450 2382 2142 261 336 1884
1451 580 1624 516
1452 1536 1196 2130 1506
1453 101 1452
1454 1517 28 1614 1012 2338 2143 1651 1199 2139 258
1455 1030 1109 2121
1456 2149 331 1183 727 293
1457 178 1593 672
1458 728 612 676 2032
1459 2073 1135 457 1525 1755
1460 36 69 271 113
1461 190 2239 134 1613
1462 550 2340 1169 1207 907
1463 733 388 1321 735 975
1464 773 239
1465 832 2073 92 289 1261
1466 644 249 1530 1137 850
1467 377 1802 1480 1058
1468 2037 1007 726 264
1469 354 451 641 1742 542
1470 2167 1783 1952
1471 1394 2350 1851 783 2315
1472 2317 1784 794 456 1298
1473 1946 555
1474 961 849 1070 2386 2214
1475 2368 1203 1443 1085 2438
1476 1995 680 2188 438 550
1477 1201 508 170 945 920
1478 233 576 1057
1479 1353 1734 649 432 1965
1480 1280 1904 367 2057 1120
1481 337 1225 1219
1482 1704 2370 1357
1483 54 2200 1855 832 523
1484 1455 2033 1445 653
1485 1552 1879 482 576 1165
1486 661 1546 103 795 271
1487 1209 1571 810 826 1771
1488 2339 128 1999 282 650
1489 499 1156 1508 580 540
1490 1155 1806 2181 2220 1579
1491 1310 1028 1795 1991 303
1492 2263 385 1855
1493 1674 1996 910
1494 1904 1809 1843
1495 1192 21 2389 1404
1496 170 136 1626 1863 1244
1497 657 724 970 2015 1205
1498 86 1088 972 860 1869
1499 1797 1707 299
1500 623 250 677 2155 1362
1501 347 99 318 978 2023 1595 2300 2112 1188 1307
1502 1540 67 30
1503 484 1824 1916 1126 1279
1504 2216 28 23 1775 333
1505 1578 1313 1567 447 530
1506 989 2100 360 1385 1088
1507 2054 856 1101 1521 252
1508 1900 1260 2410 2264 1349
1509 1000 968 804 715 1215
1510 912 1334 1799 2149 2058
1511 1617 2057 1954 1944
1512 1754 270 1592 826 1624
1513 1746 721 887 297
1514 1450 2017 262 1051 343
1515 1001 2192 1970 1647 1127
1516 2150 1031 1293 1214
1517 852 1726 1484 1204 2115
1518 2161 110 1943 2331
1519 536 182 79 1853 509
1520 8 627 2320 35 921
1521 1585 622 1984 1567 1964
1522 1275 2086 917 1360 1007
1523 83 1216 913 1055 2195
1524 2087 2291
1525 713 1115 553 830 74
1526 2368 1632 1622 1429 746
1527 553 2408 14 78 1038
1528 121 944 2282
1529 1025 735 1892
1530 552 1827 500
1531 1686 852 1377 742 722
1532 964 858 2419 318 1301
1533 1472 1820 1539 1600 1143
1534 1751 1610 1716 2434 1624
1535 607 1742 1490 1339
1536 1542 227 237 1694 874
1537 2409 2390 661 2448 1202
1538 866 833 1217 2379 552
1539 343 2423 935 147 649
1540 1046 1732 541 2380 2231
1541 1864 1045 35 138 1672
1542 1503 1150 624 2081
1543 2155 121 636 1237 1185
1544 1255 718 1001 289 665
1545 1584 759 1800 1425 721
1546 38 246 105 1291 2220
1547 806 543 2433 276 1109
1548 613 45
1549 2393 2366 873 94 2223
1550 920 1921 260 346 194
1551 1895 1953 1133 1608 1188
1552 2434 58 389 1725 2117
1553 514 1942 354 170 770
1554 1524 2108 719
1555 2209 1013 593 974 2389
1556 1213 2330 1381 95 309
1557 433 995 2076 631 2344
1558 27 808 30
1559 2374 41 2174
1560 1501 526 875
1561 2309 734 1725 373 152
1562 2265 1391 1354 1679 2132
1563 517 210 2334
1564 92 2258 2022 1791 1201
1565 347 1702 1296 659 2376
1566 1853 85 1133 742 1215
1567 819 771 200 877 2150
1568 731 824 1782 229 2254
1569 362 593 1981 2350 1533
1570 835 1124 2170 960
1571 204 1375 2359
1572 219 2399 2376 1229 1267
1573 1979 1955 1211 1272
1574 384 1865 2221 157 1518
1575 1254 1048
1576 1499 483 840 884 10
1577 1767 736 765 2214 1232
1578 1499 1482 1717
1579 575 762 189 1064 1125
1580 1244 1989 523 2172 136
1581 1073 1122 691 1374 1636
1582 158 1234 741 2130
1583 963 1258 292 550 1040
1584 1409 1104 448 679 1140
1585 5 1513
1586 1036 2226 1352 118
1587 1779 2264 2200 1521 942
1588 1995 1387 628 410 898
1589 155 1434 1736 1782 1991
1590 967 1943
1591 775 538 1627 769 1690
1592 196 1958 71 662 961
1593 936 557 490 2341
1594 870 545 1864 1792
1595 346 1990 2071 1244 125
1596 413 2097 233 587
1597 1705 336 2401 874
1598 1379 43 1479 999 955
1599 2215 2312 637
1600 1856 252 2086 694
1601 1924 1283 1029
1602 1084 694 2088 575 494
1603 1742 1504 471
1604 419 2228 1385 2359 2050
1605 1605 525 1860 1169 1502
1606 1914 1462 763 1088 139
1607 2253 1612 208 64 8
1608 474 1743 1257 2221 1657
1609 2360 554 1299 999 796
1610 1835 826 1285 1559 521
1611 1276 610 1760 2253
1612 1554 119 1584 1860 195
1613 2336 868 2340 545 1951
1614 1119 2190 643 2392
1615 654 1724 94 1507 1971
1616 1641 2268 1050 1076 1214
1617 1083 74 475
1618 1559 25 2365
1619 1029 195 430 1847 1812
1620 884 2373 727 1045 634
1621 1053 1701 2010 998
1622 111 1240 8
1623 1329 1152 1877 367
1624 960 2277 1783
1625 1512 1937 1775 1753 1360
1626 775 875 1332 1073 483
1627 2437 2100 2357 814 1668
1628 1321 131 852 702 25
1629 2389 1491 879 478 127
1630 1553 1461 154 576 926
1631 3 2123 753
1632 21 1614 2175 261 1850
1633 1520 1548 2314 1847 1300
1634 1212 405 1819 1885 1575
1635 2438 2341 2404 1495 1965
1636 412 2231 1917 278 1603
1637 665 1277 384 846 622
1638 1030 1053 1161 380
1639 1627 2283 2171 1277 2401
1640 382 1402 1632 1423 1842
1641 1568 979 2060
1642 2128 1250 706 1190
1643 1411 56 168 2171 67
1644 102 1095 301 1709
1645 222 818 569 1667 1702
1646 849 151
1647 771 1305 107 1455 722
1648 973 2343 2020 2138
1649 65 2354 1478
1650 2091 1449 1525 155 1152 378 1524 1994 2187 1392
1651 45 1573 695 2019 1914
1652 158 284 1939 1624 2378
1653 1805 1567 270 617 427
1654 1482 561 2373 431
1655 321 1621 203 1331 2139
1656 660 2314 960 436 1647
1657 1749 1659 612 1728
1658 1917 1512 1648 669 2137
1659 343 1284 793 1718 1903
1660 1462 2023 504 1000 591
1661 1855 1562 467 1267
1662 2068 1108 768 1583 1561
1663 589 145 606 1820 438
1664 2337 1867 1753 1859 1617
1665 2238 1477 1697 1567 362
1666 2378 1758 2245
1667 2428 1978 1257
1668 1856 1998 652 2095
1669 2370 633 40 437
1670 1566 2157 1918
1671 2135 728 1018 1573 1330
1672 1870 1967 1401 1359 978
1673 1808 2092 1593 4 307
1674 879 2143 2065 1175 452
1675 1743 427 1750
1676 508 1800 654 1361
1677 2266 1131 2235 204
1678 977 1403 748
1679 628 1806 446 79
1680 1859 1522 1181 2048 2386
1681 2040 2246 1933 79 57
1682 1512 705 930 1093 689
1683 920 1066 195 1456 190
1684 2289 1861 1640 2175
1685 1708 34
1686 414 330 2050 1554
1687 193 804 1642 1330 1492
1688 2314 685 2139 2401 1468
1689 851 809 550 2170 1921
1690 1810 219 1088 438 2045
1691 370 590 535 1739 2044
1692 2369 1517 396 87 2040
1693 837 1824 1151 2370 195
1694 1053 272 2305 2193
1695 1466 394 626 1651 99
1696 2431 1468 848 734 1469
1697 175 674 1243
1698 79 952 1806 1093 617
1699 752 1142 591 331 1324
1700 1802 366 1273 807 956
1701 951 790 2080 2034
1702 1228 984 1532 1542
1703 2411 1220
1704 342 2039 809 606
1705 218 2321 1050 2334 866
1706 2267 691 546 746
1707 1282 1501 365
1708 1547 2287 1730
1709 1587 555 1565 2293
1710 380 2052 480 1452 2351
1711 664 112 68 1873 149
1712 1040 339 1705 1231 2258
1713 43 1041 1389
1714 1238 634 2440 1821 253
1715 1440 1208 1268 274 2391
1716 642 567 1819 639 1997
1717 631 1311 1427 507
1718 444 2083 1496 1440
1719 295 94 2282 2308 1906
1720 965 50 1756 1734 928
1721 2413 981 1854
1722 2129 1438 2286
1723 1322 2332 993 2407 161
1724 1674 434 362 453 307
1725 20 292
1726 1215 2063 2326 1933 2019
1727 1386 475 1708 1490 1166 1868 1588 352 1980 982
1728 312 427 212 2275 1540
1729 76 733 1865 41 1347
1730 791 1660 259 656 1618
1731 1080 2160
1732 2141 1725 1900 1368 252
1733 2386 2421 1130 2150 2096
1734 1922 1207
1735 1092 1657 552 2404 967
1736 639 165 1446 2405
1737 298 141 2109 861 1643 1211 2185 1563 1472 1954
1738 1879 2417 1174 1044 390
1739 2387 1582 1135 1109
1740 1043 1804 2431 1823 1643
1741 1141 924 86 984
1742 1297 2252 1228 1565 1655
1743 2056 690 1357 728 201
1744 2092 2279 243 1345 1244
1745 2381 1327 2206
1746 1042 115 158 107 309
1747 2275 665 2234 2323
1748 707 1100 192 241
1749 566 332 1168 1219 578
1750 703 9 934
1751 1700 1500 1647
1752 1660 2354 2085
1753 1505 2382 259 2424 1368
1754 2413 1986 128 662 1319
1755 2246 2405 774 1838 1559
1756 1147 1484 1648 2412
1757 453 135 1000 1965 1601
1758 1314 769 1619 1241 2047
1759 306 2348 1076 1935 1187
1760 738 937 254 1452 0
1761 828 2187 1772 817 842
1762 1101 1259 687 166 232
1763 1623 629 669 2047
1764 1525 199 2432 2365
1765 287 2306 1803 458 1626
1766 1096 316 1181 1584 364
1767 1584 1176 146 1787 2102
1768 369 1189 1548 65 1480
1769 1366 2082 1427
1770 2141 1575
1771 1504 2284 1982 296 1255
1772 630 801 1725 1283 1530
1773 676 1573 494 644 1700
1774 209 2253 96 1384
1775 1605 1224 1324
1776 1601 1624 445 1686 1679
1777 1187 1843 1903
1778 1169 559 69
1779 31 1159 1622 1872
1780 77 1294 62 1567
1781 2338 74 561 1015 418
1782 651 1818 2024 349
1783 1345 1938 1378 1476
1784 1421 1559
1785 885 1234 34 1894 1175
1786 1716 403 1777 1816 1981
1787 192 1099 1908
1788 548 1129 677 1043 531
1789 1303 1752 582
1790 1630 1402 1892
1791 1877 1414 511 1868 113
1792 264 2142 642
1793 533 1378 1953 1422 1358
1794 1023 1916 2318 2092 1380
1795 963 2310 2348 118 1787
1796 463 1204 757 1108 299
1797 1996 489 2028 1434
1798 845 1797 1772 112 1578
1799 1640 489 326 1279
1800 2002 2010 546 1731 428
1801 355 2235 2153 228 1767
1802 1602 476 2214 1292 477
1803 1480 1035 2078 2320 2204
1804 791 1746 2384 1152 1682
1805 351 1624 2369 87 1569
1806 1896 627 1730 1700 538
1807 159 1578 448 327
1808 1675 197 1589 297 2230
1809 881 2382 1207 930 465
1810 2017 2163 1425 774 1524
1811 354 2404 1264 244 1540
1812 1845 1395 267 1336 984
1813 2111 2187 500 965 423
1814 406 1863 1951 907 1573
1815 53 1888 875 2446
1816 918 2161
1817 2038 552 207 1409 2435
1818 197 567 1744 1625 825
1819 692 861 164 2018 1851
1820 1811 932 196 1668 1336
1821 1721 1680 1956 2309
1822 2440 2168 691
1823 187 1113 1646
1824 787 1876 1246 1602 1891
1825 1572 828 2304 207 1535
1826 2439 1094 1690 816 709
1827 906 1843 44 6
1828 1179 909
1829 1700 1818 1777 2067 1423
1830 772 2019 861 209 1502
1831 440 1454 1889 1407 2322
1832 2316 368 1136 2241 1947
1833 340 2297 976 1236
1834 163 1424 810 1467 1537
1835 1599 1421 1922
1836 2082 773
1837 1379 1728 1219 722 1454
1838 1077 233 1567 2331 1701
1839 1644 1044 78 437 2061
1840 136 720 924 2106
1841 445 1995 1881 1201 1216
1842 868 1336 1041 2000 63
1843 814 782
1844 1635 1749 660 693 424
1845 2139 64 140 497 1550
1846 2161 835 1853 914 2065
1847 144 2358 1618 1729 60
1848 1740 1951 1207 1451 1207
1849 2353 661 7 1038
1850 2230 402 1556 251 953
1851 85 1764 1389 1041
1852 2338 1045 570 1362 567
1853 1387 388 1488 1232 2310
1854 1210 513 1201
1855 1592 68 582 725 329
1856 517 504 1740 1434 1180
1857 1520 1311
1858 177 1451 936 235 2272
1859 1600 356 2173 1376
1860 1926 2041 2348 1843 1049
1861 16 732 2135 1880 1242
1862 27 2169
1863 598 343 17 1873 2022
1864 791 2281 1962 2201 1992
1865 1760 2086 904 90 1801
1866 1064 1674
1867 962 1570 889 730
1868 1078 2222
1869 712 2173 1703 2081
1870 2271 2000 1599 2184 717
1871 1516 1014
1872 2338 2352 1782 1238
1873 116 1957 1299 1866 164
1874 424 284
1875 307 2031 859 877 2234
1876 256 1142 1986
1877 1574 2089 1755 2370 1794
1878 442 1568 2040 2214 1346
1879 1218 1620 399
1880 1186 2034 244 1087 701
1881 1639 1615 852
1882 1826 2037 252
1883 70 1757 301 1128 696
1884 1661 1280 1862 1537 1040
1885 1810 1781 2366 1485
1886 1176 1809 539
1887 1686 1834 2062 365 593
1888 910 2331 720 236 1892
1889 624 2114 134 543
1890 1919 1365 1768 392 2058
1891 1470 709 604 112 1149
1892 870 2252 116 490 2255
1893 314 881 2007 117 1685
1894 1513 2038 1139 2227 563
1895 774 159 1034 1493 1691
1896 1037 1702 2170 171 582
1897 1031 958 2249 205 1702
1898 1851 1367 1193 1825 701
1899 699 2312
1900 767 2165 2389 2010 1258
1901 2081 860 552 1398 2102
1902 58 334 1945 409 1593
1903 1312 819 1151 666 792
1904 189 292 2386 619 955
1905 2002 246
1906 2016 229 607 441
1907 258 1301 1747
1908 2228 1573 1486 145 491
1909 416 1095 1507 2085 1495
1910 1645 2183 1826 1104 850
1911 227 1989 1942 2267
1912 1984 2446 611 44
1913 186 377 1839 35 527
1914 73 1356 2153 307 1146
1915 583 2081 2264 2107 1821
1916 2066 592 1566 2120 1166
1917 1354 2170 178 568
1918 822 2221 705 793 2186
1919 2274 1822 1458 2177 757
1920 1955 302 2040 1357 1323
1921 1434 617 1046 222 1955
1922 1396 1282 143 1225 2387
1923 458 567 2416 804 1029
1924 1677 1533 2041 1987 402
1925 1524 917 1233
1926 147 973 2301 896 770
1927 2140 1734 609 954 2005
1928 90 1379 1206 1809 238
1929 1321 2038 2245 1408
1930 996 31 943 749 1403
1931 114 1786 995 1660 1393
1932 1638 497 1198 1877 1105
1933 1034 1469 684 1066 845
1934 513 2192 1831 723 959
1935 544 1150 439 577 21
1936 714 965
1937 154 1729 2199 1828 1195
1938 429 1862 1354 1345 282
1939 2280 1618 1690 1612 763
1940 582 2245 1845 1245 2040
1941 157 2113 1774
1942 1444 1262 371 967
1943 241 1765
1944 1123 1589 375 2195 256
1945 643 2352 1739 1706 2343
1946 2230 2279 212
1947 1361 2189 682 411 848
1948 2152 2165 253 2190 452
1949 2051 1109 2022
1950 1480 1128 473 384 1158
1951 1205 139 590 134 2390
1952 872 1018 1683
1953 1234 2232 664 2198
1954 1856 2290 1633 565 2038
1955 1249 1668 1472 307
1956 1759 291 2182 926 2386
1957 1802 1390
1958 496 193 1546 1851 852
1959 1989 1524 1254 605 1261
1960 581 1548 849 3
1961 1406 1921 2129 992 292 1426 898 970
1962 509 1802 430 1367 2398
1963 758 164 2240 2217 2415
1964 995 1980 655
1965 84 1375 1354 1825
1966 1552 2005 2125 1172
1967 2373 2264 1970 2253
1968 1943 2058 2239
1969 1115 35 1792 1513 2278
1970 1183 591 1824 1559 1948
1971 2421 155 1791 607
1972 781 1004 1598 600 570
1973 1134 1586 757 2155 372
1974 1432 2426 1504 2049
1975 559 603 2156 178 1837
1976 819 660 396 2326 2255
1977 105 540 2123 1369 476
1978 877 2180 178 1496 1134
1979 1562 659 604 998 1466
1980 1663 2038 1286 2125 611
1981 1529 520 837 2051 916
1982 2015 2139 1259 184 290
1983 1618 1308 1235 1124 73
1984 1751 1390 1647 930 1779
1985 1174 623 1863 2410 407
1986 2069 1025 2214 1843
1987 453 1316 1720 1244 1690
1988 131 468 575 252 958
1989 19 2031 1648
1990 1341 1331 1748 2447 526
1991 1631 642 2318
1992 511 1671 1254 1440
1993 1339 2380 1620 1492
1994 384 643 978 2323
1995 1288 235 691 179 642
1996 1602 689 1724 376 465
1997 284 1326 1999 129 482
1998 1593 1550 262 892 1313
1999 1069 1559 1831 199 1469
2000 1099 1149 1400 22 2186
2001 1030 1675 2143 1712 1526
2002 281 391 2371 207
2003 418 1338 2343
2004 918 2168 1474 460 649
2005 2078 222 632 853 1974
2006 871 2241 405 1317
2007 2156 2063 1960 943
2008 1235 1300 1021 554 598
2009 1221 2135 813 760 2276
2010 2256 851 1180 53 747
2011 1312 96 1454 2224 381
2012 1402 238 1622 199 2073
2013 1083 146 871 2172 1671
2014 54 844
2015 1669 894 2111 1850 1660
2016 507 1105 875
2017 1746 17
2018 1866 2286 1674
2019 1817 1080 143
2020 1251 1455 2403 756 761
2021 1077 1828 315 1798 808
2022 536 1127 1280 318
2023 2151 1443 369 1549 2159
2024 1837 1806 602 1729 771
2025 937 1013 1452
2026 2326 371 1171 273
2027 819 743 808 1613 1029
2028 1514 368 1400 1277 403
2029 1303 987 2074
2030 1186 0 368 101 1937
2031 440 1695 1625
2032 84 1114 1758 944
2033 799 34 1173 2155 586
2034 2238 2350 1754 432 2181
2035 94 686 1724 821 104
2036 677 2018 2443 1817
2037 989 2250
2038 1995 1636 1918 2299 1762
2039 727 1977 1401 461
2040 2145 1728
2041 679 520 1122 967 1657
2042 1957 918 737 1727
2043 1304 2317 2298 954
2044 1025 13 263 2253 392
2045 2363 2036 2233 2431 1602
2046 1832 2322 219
2047 148 916 854
2048 1033 710 1491
2049 1327 1270 2397 1716
2050 1564 1904 547 26 1676
2051 2287 117 1284
2052 295 1753 2227 111 1455
2053 553 298 1353 732 1355
2054 1983 436 750 2389 227
2055 1113 1773 784 475 1548
2056 2183 947 2095 699 1628
2057 1745 85 738
2058 1617 2214 1281 1250 2187
2059 323 102 15 303
2060 168 1695 1039 2367 523
2061 346 1759 1787 299 1349
2062 632 1782 121 1038 2445
2063 405 1377 2249
2064 2179 1129 1222 764
2065 562 1576 1006
2066 2287 1138 1494 1508
2067 994 240 1469 1164 1961
2068 1024 2233 2367 1698 466
2069 2047 1239 902 2342 543
2070 814 1179 1715 539 415
2071 441 727 583 1764 970
2072 99 2445 1455 978 1708
2073 2330 1119 1334 241 1762
2074 1731 92 825 1882 573
2075 1723 1630 1970 1135 1237
2076 850 63 363 1053
2077 97 1854 818
2078 11 2314 569 778
2079 401 795 203 595 395
2080 382 945 1760 322
2081 1000 1885 464
2082 1032 59 1530 1479 949
2083 2003 885 265
2084 347 1485 1641
2085 1893 1190 784 124 42
2086 2193 1047 1532 1144 1796
2087 1303 2234 1399 871 1
2088 2042 913 1974 791 880
2089 788 254 2153 1698 2415
2090 1548 1918 2303 2279 1251
2091 449 18 784 251 895
2092 697 2249 2102 151 1794
2093 989 1400 978 475 587
2094 1785 1376
2095 1247 2125 1365 561
2096 1545 1118 1910 1269 2298 1112 1408 2006 828 1301
2097 1414 1851 1753 331 841
2098 423 353 517 33 1882
2099 631 2080 799 1774 5
2100 2386 658 122 762 1385
2101 502 758 2095 2276 872
2102 1899 192
2103 1064 2325 1765
2104 1472 860 1936 2186 1120
2105 1792 1921 127 320 1959
2106 721 452 1479
2107 2312 1827 910
2108 307 992 464 1257 2291
2109 1310 1055 1066 2131 608
2110 2217 1994 772 499 1183
2111 235 2087 1666
2112 904 1929 2195 1840 2117
2113 951 621 1875 632 148
2114 1472 369
2115 711 1200 1603 1462 1040
2116 1512 695 1346 2113 1118
2117 1198 1557 1956 751
2118 2170 2381 337
2119 1745 2388 2144
2120 2332 27
2121 1120 1728 204
2122 1018 1800 1022 1177 1962
2123 1377 605 415 1594
2124 963 168 2090 1903 784
2125 1156 2175 54 105 245
2126 372 796 438 329 1065
2127 1272 1387 1474 972 1635
2128 581 244 459 875 464
2129 31 230 682 244 169
2130 891 2129 1464 749 928
2131 1876 807 851 670 152
2132 412 958 1030
2133 557 1727 438 1268 727
2134 2129 1736 2239 1869 1061
2135 50 1016 763 1189 1765
2136 1921 2018 1675
2137 1001 1623 2192 2007 210
2138 1191 697 1806 1459 1946
2139 80 2014 2268 1059 1190
2140 1127 620 518 1540 1441
2141 598 804
2142 1911 1601 502 2174
2143 1939 727 348 1614
2144 1937 549 1994 921 1316
2145 1090 1066
2146 1660 2017 1346 544 396
2147 389 1635 1433 327 1863
2148 23 1380 1201 362
2149 432 1034 2355
2150 570 1999 431 1993
2151 2403 821 1314 931
2152 2242 2435 1538 845 1025
2153 269 1735 986
2154 555 1538 620 270 1537
2155 2144 2387 1881 2096
2156 1752 1440 2241 227
2157 1900 55 1028 475 1466
2158 213 2127 1221 313 997
2159 2168 2146 2058 2371
2160 1346 927 2212 509 845
2161 1287 1126 2274 2323 869
2162 1209 932 1025 1984 1493
2163 1521 198
2164 795 756 1542 400 2268
2165 725 1630
2166 1742 367 1796 882 1164
2167 1363 183 1179 1665 4
2168 671 1979 2184
2169 76 1381 527 2276 677
2170 435 1453 782
2171 1244 1262 1349 1550 2113
2172 2332 2434 1589 1387
2173 1117 65 1293 1921 48
2174 632 861 2183 2103
2175 1985 1474 824 948 901
2176 1223 777 2244 1118 1408
2177 1522 316 841 553 1423
2178 425 920 952 1569 2414
2179 1714 460 1671 2186 2103
2180 789 96 1240 2368 1664
2181 1289 2366 1787 124 841
2182 854 1682 1540 2127 491
2183 1038 1901 1839 2417 558
2184 1803 2201 2343
2185 604 218 2112 1704
2186 1013 2335 1481 1813 2397
2187 1189 1248 1591 17 563
2188 2440 274 1367
2189 837 1475 1459 1878 605
2190 497 603 1311
2191 1924 368 2140 2382 960
2192 2012 313 690
2193 1599 101 2362 1014 1182
2194 904 1052 1676
2195 323 1087 1528 1909 1695
2196 1058 1941 1842 2147
2197 1707 1186 337 979 1802
2198 919 1864 697 2068 1473
2199 777 1265 1055 1773 282
2200 1224 1706 67 438 1032
2201 2289 1152 715 1561 2062
2202 1276 2198 1898 1573 4
2203 707 1443 2031 1253 2032
2204 313 1784 274
2205 74 498 680 189
2206 515 1997 1381 1124 1943
2207 1685 90 2215 486 920
2208 834 177 12
2209 440 2150 544 838 1740
2210 2431 1844 763
2211 2069 1135 1009 980 866
2212 643 525 594
2213 1222 294
2214 1312 1106 1255 371 237
2215 234 144 777
2216 38 1466 283
2217 1607 865 1519 1949 2165
2218 843 1451 112 466 440
2219 865 1884 1457
2220 649 333 1096 1631 1453
2221 2296 186
2222 1585 265 653
2223 634 1997 333 2173 16
2224 1302 1375 965 2245 1305
2225 2088 1368 2120 2064 435
2226 652 1557 773
2227 1182 2377 2150 409 1744
2228 1558 2429 2363 141 2394
2229 1995 1510 1220 2169 714
2230 128 392 382 1061 1369
2231 340 649
2232 2151 2189 2188 575 70
2233 2273 2032 1089 2371 378
2234 529 687 589 1944 219
2235 2066 1021 950 1055
2236 151 45 276 363 2228 1792 915 995 2301 285
2237 807 518 2425 1813 947
2238 2326 1305 2346 2419 310
2239 1354 1813 222 2184 831 711 2283 683
2240 965 1958 2185 408 662
2241 91 397 482 837 65
2242 995 2088 2263
2243 2102 642 1537 1821 2208
2244 1614 2071 1849 1048 1276
2245 2412 1294 1728 732 675
2246 977 992 146
2247 896 1345
2248 756 519 2369 47 1234
2249 870 1853 1812 879 1828
2250 1211 2094 680 203
2251 1717 1637 1084 2122
2252 238 1913 67
2253 213 2069 361 1528 2176
2254 2321 23 771
2255 1531 860 1145 1233 136
2256 1601 1078 920 1761 1795
2257 1668 676 1347 12 1647
2258 573 2125
2259 775 369 739 2395 232
2260 119 244 2262 203 653
2261 1813 486 2114 736 1813
2262 1640 24 1008 1789 1499
2263 248 444 273 2383 990
2264 212 196 987
2265 1952 618 1183 1196 1466
2266 279 1578 1370 1476 2383
2267 1801 1085 829 2193 35
2268 469 1362 2386
2269 751 2298 1208 2239 1880
2270 2169 1883 730 1661 1172
2271 270 2429 845 733 2278
2272 166 1462 804 2390 1123
2273 1675 694
2274 1868 1778 1486 2396 758
2275 1138 1100 1127
2276 1160 569 1347
2277 1832 1762 142 1246
2278 2189 64 1233 1542 1409
2279 1954 2188 0 1197 1061
2280 1050 141 1264 12 2304
2281 743 496 1312 571 882
2282 772 340 379 2180 1777
2283 740 1287 1639 1483
2284 1342 685 36 2426 566
2285 296 1762 104
2286 1989 1556 2279
2287 729 2354 517 175 1285
2288 1666 2338 1193 476 869
2289 574 1450 519 375 1635
2290 772 440 384 1858 2349
2291 333 564 450 2226 877
2292 668 859 1337 102 238
2293 400 1817 965 1894
2294 1630 2436 1171 2123 1919
2295 1403 2123 2145 1428 2211
2296 431 825 1737 2192 1534
2297 1753 631 1173 2241 95
2298 2219 1543 2384 2056 1221
2299 952 2097 1766 516 843
2300 1465 476 2404 2285 369
2301 74 1099 2184 644
2302 988 362
2303 391 1447 1302 394 627
2304 808 777 2254 2043 1835
2305 1990 74 2082 2417 771
2306 258 57 1083 699
2307 2449 399 258 2280 2441
2308 239 554 390 1707 1878
2309 2427 1630 888 818
2310 68 1961 1419
2311 1288 1315 2101
2312 2002 1192 1623 980 1647
2313 122 2117 1545 609 1397 1295 392 192 2285 2012
2314 476 45 655 610 806
2315 111 1719 1713
2316 333 2255 1094
2317 284 1527
2318 196 865 1348 710 1370
2319 1196 553 314 896 1468
2320 494 1006 1355 2320 2291
2321 32 1236 69 1559
2322 2084 230 322 443 2112
2323 2277 243 207 1699 1945
2324 1952 681
2325 1583 2316 1010 1767
2326 1609 2223 309 1456 2368
2327 2414 1003 500
2328 493 1111 1977 364 1666
2329 607 1192 644 752 1772
2330 490 1349 783 2011 213
2331 2302 1432 1569 2041 1590
2332 354 725 1117 1350 1685
2333 2041 1614 771 294 2418
2334 1793 1130 1394 1741 1865
2335 1703 2338 2293 204 2448
2336 162 641 2059 210 551
2337 26 939 648 550 2158
2338 1352 2241 1466 1507 1767
2339 819 1735 350 1288 827
2340 538 502 2319 993 936
2341 2308 1710 1823 112
2342 303 773 1302 1050 1920
2343 289 524 1646 1824
2344 1825 1346 969 400 1167
2345 1655 1731 1658 2247
2346 1744 1501
2347 2243 496 1680 1433 1079
2348 153 1174 664 1337 2439
2349 2290 1222 2359
2350 633 51 631 2025 1511
2351 2259 1728 874 2370 2073 2100 718 2009 540
2352 151 515 1934 770 1377
2353 2201 1128 1302 637
2354 549 1517 1508 845 1535
2355 1477 2060 290 1057 2303
2356 503 74 1840
2357 365 561 1067
2358 1677 1986 1631 1421 314
2359 1959 2273 805 1906 3
2360 400 2071 985 1045 1942
2361 2042 1047 2191 1391 1276
2362 1216 1324 2147
2363 608 1147 1892 914 1386
2364 1650 970 1905 1733 2337
2365 169 2014 2159 1457 1323
2366 421 420 254 1232 2438
2367 178 2111 887 1837 2210
2368 1030 244 1086
2369 2159 999 74
2370 1751 1594 769 965 2124
2371 2243 703 2108 60 2372
2372 1364 248 905 230 2108
2373 845 2084 2010 1146 1262
2374 439 456 1862
2375 1981 1005 1356 939 608
2376 1976 1652 2245
2377 1135 1171 1160 1055 1586
2378 2228 1408 913
2379 1158 2267 459 2007 1967
2380 2086 92 1912 2062
2381 2146 1694 753 275 29
2382 11 2017 987 505 771
2383 888 113 2043 2133
2384 730 2004 2246
2385 1652 1530 842 660
2386 113 649 2310
2387 1952 1954 1459 1674 1330
2388 1255 2201 350 293 1690
2389 302 1514 1591
2390 2174 836 1589 701 421
2391 1949 1482 39 1548 1026
2392 1615 122 1104 1323 1319
2393 1884 1468 2273 1957 1374
2394 29 1165 803
2395 722 2030 537 778 2165
2396 1543 1262 1612 1714
2397 317 911 1633 1932 178
2398 382 2142 2010 121 316
2399 914 56 1727 664 599
2400 1425 1314 1072 2092 2287
2401 1063 1475 842 734 1960
2402 2414 628 2067 2437 1685
2403 38 126 1329
2404 2391 2159 121 435 2065
2405 784 1271 916 520 668
2406 1058 519 770 2042 738
2407 1254 518 512 214 142
2408 2054 2313 1062
2409 1680 1082
2410 2087 338 1834 1660 278
2411 1403 1032 911
2412 2394 1412 1562
2413 477 1299 7
2414 26 166 382 1265 1198
2415 2327 1926 1579
2416 635 871 1330
2417 1020 881 894 2418
2418 2019 1437 1079 1742
2419 1006 2346 586 2103
2420 512 364 1292 1759 1423
2421 1029 253 1042 1594 1760
2422 1236 1663 1504 1145 1649
2423 486 1373 1959 860 1991
2424 83 677
2425 373 2017 1994
2426 1418 1408 964 992 1608
2427 2190 557 1230 2405 882
2428 2022 1718 277 2374 1738
2429 932 1511 1157 1020 1313
2430 882 998
2431 99 736 958
2432 661 131 1432 2298 171
2433 1557 430 2281
2434 1979 1027
2435 2296 1004 1977 119 381 2127 1534 326
2436 1618 2281 2096 1385 933
2437 401 1154 1904 1617
2438 2386 774 2216 577 1322
2439 1040 1446 379 927 2271
2440 1219 816 1837 1388 2025
2441 130 1341 63 825
2442 1625 1702 1551 693 2351
2443 595 165
2444 2347 94 1304 1585 1329
2445 956 2200
2446 1631 1619 670 2345 249
2447 479 1775 763 1253 2405
2448 1249 561 778 1961 1184
2449 1275 334 1704 1727 2162
2450 1983 1276 2378 2365 477
2451 1666 2432 1550 790 127
2452 1320 2281 2154 86 1436
2453 1548 1249 788 817 1896
2454 933 200 2124 448 1781
2455 2423 63 2268
2456 853 76 173 7 1587
2457 1923 1282 349
2458 601 580 1248 1760
2459 763 617 1436 273 1731
2460 811 561 1318 1808 890
2461 1701 555 1031
2462 1900 1255 1383 283
2463 565 321 1721 1005 420
2464 1689 901 897 932 768 485 405 1382
2465 1001 1947 601 2169 773
2466 1410 1023 691 2006 461
2467 2246 2409 1262 1239 1231
2468 2297 1134 1311 1384 568
2469 25 1006 1756
2470 116 250 1824
2471 2056 216 263 1057 2262
2472 2143 915 1977 275 940
2473 2044 1704 1629 1790 1919
2474 1287 2247 1198 1773 1245
2475 1665 1365 2221 759 1006
2476 1954 744 466 707 2265
2477 1490 2153 2296 1878 1238
2478 2209 731 889
2479 152 1572 1981
2480 109 510 804 1472 89
2481 414 1077 2294 1724 392
2482 512 618 488 8
2483 746 1470 537 1132
2484 2392 1726 1640 803 668 519 1338
2485 2296 2405
2486 288 200 501 530 1182
2487 2424 1543 451 1770 178
2488 2253 2265
2489 613 1754 456 133 1732
2490 235 1561 2216 1019 2171
2491 1475 2429 782 88 958
2492 2248 651 225 800 2259
2493 1969 1488 1703 2259 2235
2494 374 2432 2355 42 2299
2495 1025 1367 299 504 741
2496 60 1034
2497 1300 1025
2498 412 649 144 1844 1255
2499 43 793 1928 911 733
